case: 2--0
server_fee: 800
node_num: 300
customer_num: 135
server place:
6 9 17 24 32 37 49 50 51 53 57 67 73 76 85 86 92 94 96 108 109 116 119 124 134 140 141 147 149 160 164 166 168 171 176 187 199 207 212 218 235 236 240 241 248 256 258 265 269 271 279 287 290 292 299 
total cost: 67657
use time: 2.86819


case: 2--1
server_fee: 800
node_num: 300
customer_num: 135
server place:
3 13 21 25 30 32 52 61 75 76 78 82 85 86 88 89 99 100 103 105 107 114 119 121 124 125 128 142 149 152 165 172 192 201 209 210 214 221 226 240 246 250 252 254 259 265 267 276 294 296 
total cost: 63519
use time: 2.05122


case: 2--2
server_fee: 800
node_num: 300
customer_num: 135
server place:
3 9 13 17 30 38 49 56 64 66 68 79 87 98 102 106 112 117 120 123 133 142 144 153 156 165 167 168 180 182 186 188 204 218 221 226 232 238 239 249 252 258 265 267 273 276 282 287 292 293 
total cost: 63564
use time: 2.71168


case: 2--3
server_fee: 800
node_num: 300
customer_num: 135
server place:
5 6 9 11 15 21 23 34 38 45 49 64 67 69 71 76 83 91 105 114 115 120 121 126 129 130 132 139 146 163 168 181 196 198 199 200 207 210 214 215 218 233 237 240 241 242 258 261 267 269 276 278 285 296 
total cost: 67969
use time: 1.23177


case: 2--4
server_fee: 800
node_num: 300
customer_num: 135
server place:
8 11 15 20 34 37 38 41 46 51 59 77 81 85 89 92 112 118 127 132 140 151 153 162 166 177 180 182 186 187 199 217 223 231 232 250 252 254 269 273 278 281 284 291 296 297 
total cost: 63084
use time: 2.6923


case: 2--5
server_fee: 800
node_num: 300
customer_num: 135
server place:
17 19 21 24 28 38 40 43 56 59 70 78 87 92 100 103 106 110 111 115 128 133 138 143 145 149 158 160 161 165 168 173 180 181 186 187 188 195 210 213 220 222 224 233 251 264 265 271 273 281 285 292 296 297 
total cost: 68314
use time: 1.85267


case: 2--6
server_fee: 800
node_num: 300
customer_num: 135
server place:
5 7 12 18 23 30 31 33 42 45 52 57 61 68 69 79 81 82 89 97 105 106 113 132 134 143 147 148 153 156 162 165 177 178 183 186 193 200 206 207 222 224 228 230 244 249 250 265 271 273 276 279 280 285 
total cost: 67945
use time: 1.80236


case: 2--7
server_fee: 800
node_num: 300
customer_num: 135
server place:
1 6 8 9 18 29 35 45 47 50 61 63 68 80 81 84 88 94 101 103 104 106 108 113 118 136 140 142 145 146 154 161 167 175 200 207 210 214 219 221 227 237 239 241 245 250 252 256 265 271 277 291 
total cost: 61935
use time: 2.18551


case: 2--8
server_fee: 800
node_num: 300
customer_num: 135
server place:
10 12 13 25 28 29 32 39 53 65 69 75 77 79 82 85 90 91 92 95 96 103 111 117 131 137 142 144 146 152 158 160 161 167 171 176 181 192 196 210 217 218 229 232 236 238 241 246 250 251 264 271 284 285 287 291 292 
total cost: 71574
use time: 2.31988


