case: 4--0
node_num: 1200
customer_num: 480
server level: 
(22, 6) (46, 5) (69, 1) (72, 7) (77, 4) (78, 7) (93, 1) (103, 2) (112, 2) (142, 7) (155, 6) (158, 1) (161, 2) (174, 2) (195, 5) (208, 6) (215, 2) (236, 4) (242, 6) (259, 4) (274, 4) (306, 3) (343, 3) (361, 7) (373, 8) (374, 4) (383, 4) (389, 6) (390, 3) (394, 5) (409, 5) (411, 4) (439, 5) (452, 3) (458, 3) (460, 3) (491, 3) (511, 5) (551, 4) (582, 4) (583, 3) (584, 5) (586, 4) (588, 0) (594, 4) (595, 1) (597, 7) (599, 5) (612, 4) (617, 4) (650, 5) (656, 4) (657, 4) (682, 5) (683, 3) (688, 4) (700, 4) (714, 7) (728, 4) (748, 4) (762, 4) (767, 9) (776, 5) (779, 4) (796, 1) (808, 4) (832, 4) (847, 3) (850, 5) (864, 2) (872, 5) (894, 5) (928, 3) (934, 7) (936, 5) (940, 7) (961, 6) (983, 4) (984, 8) (991, 2) (993, 7) (998, 6) (1019, 2) (1060, 5) (1062, 5) (1066, 5) (1070, 4) (1103, 6) (1109, 8) (1110, 4) (1124, 6) (1135, 4) (1136, 4) (1164, 5) (1184, 5) 
server num: 95
total cost: 413715
use time: 2.46232


case: ../../case_result/4/result0.txt
node_num: 1200
customer_num: 480
server level: 
(22, 6) (46, 5) (69, 1) (72, 7) (77, 4) (78, 7) (93, 1) (103, 2) (112, 2) (142, 7) (155, 6) (158, 1) (161, 2) (174, 2) (195, 5) (208, 6) (215, 2) (236, 4) (242, 6) (259, 4) (274, 4) (306, 3) (343, 3) (361, 7) (373, 8) (374, 4) (383, 4) (389, 6) (390, 3) (394, 5) (409, 5) (411, 4) (439, 5) (452, 3) (458, 3) (460, 3) (491, 3) (511, 5) (551, 4) (582, 4) (583, 3) (584, 5) (586, 4) (588, 0) (594, 4) (595, 1) (597, 7) (599, 5) (612, 4) (617, 4) (650, 5) (656, 4) (657, 4) (682, 5) (683, 3) (688, 4) (700, 4) (714, 7) (728, 4) (748, 4) (762, 4) (767, 9) (776, 5) (779, 4) (796, 1) (808, 4) (832, 4) (847, 3) (850, 5) (864, 2) (872, 5) (894, 5) (928, 3) (934, 7) (936, 5) (940, 7) (961, 6) (983, 4) (984, 8) (991, 2) (993, 7) (998, 6) (1019, 2) (1060, 5) (1062, 5) (1066, 5) (1070, 4) (1103, 6) (1109, 8) (1110, 4) (1124, 6) (1135, 4) (1136, 4) (1164, 5) (1184, 5) 
server num: 95
total cost: 413715
use time: 2.50931


case: ../../case_result/6/result0.txt
node_num: 1200
customer_num: 480
server level: 
(22, 6) (46, 5) (69, 1) (72, 6) (78, 5) (93, 1) (103, 2) (112, 2) (142, 7) (158, 1) (161, 2) (174, 2) (195, 5) (208, 6) (215, 2) (219, 2) (232, 3) (236, 4) (242, 6) (274, 4) (306, 3) (328, 2) (343, 3) (361, 7) (373, 8) (374, 4) (389, 6) (390, 3) (394, 5) (409, 5) (411, 4) (439, 5) (452, 3) (458, 3) (460, 3) (491, 3) (502, 4) (511, 5) (583, 3) (584, 5) (586, 4) (588, 0) (594, 5) (595, 1) (597, 7) (599, 5) (612, 4) (617, 4) (650, 5) (656, 4) (657, 4) (682, 4) (683, 3) (688, 5) (700, 4) (714, 7) (728, 4) (748, 4) (762, 4) (767, 5) (776, 5) (779, 3) (789, 3) (796, 1) (808, 4) (832, 4) (847, 3) (864, 4) (872, 5) (894, 5) (928, 4) (932, 4) (934, 7) (936, 5) (940, 7) (948, 4) (961, 6) (983, 4) (984, 8) (991, 2) (993, 6) (998, 6) (1004, 2) (1019, 2) (1036, 2) (1046, 2) (1060, 5) (1062, 5) (1066, 5) (1069, 5) (1070, 4) (1103, 6) (1109, 9) (1110, 4) (1124, 6) (1134, 2) (1137, 3) (1164, 5) (1184, 5) 
server num: 99
total cost: 467713
use time: 2.51628


case: ../../case_result/6/result0.txt
node_num: 1200
customer_num: 480
server level: 
(78, 6) (105, 9) (107, 9) (134, 9) (152, 0) (161, 2) (177, 9) (236, 4) (242, 5) (274, 5) (291, 0) (296, 8) (306, 5) (341, 1) (343, 3) (359, 8) (373, 8) (389, 5) (390, 3) (394, 4) (411, 4) (436, 9) (458, 2) (470, 8) (510, 4) (511, 5) (515, 9) (526, 9) (527, 2) (538, 9) (556, 9) (570, 9) (582, 5) (586, 2) (597, 4) (602, 1) (615, 1) (617, 4) (620, 9) (641, 9) (650, 5) (656, 3) (657, 4) (683, 2) (688, 5) (700, 3) (714, 5) (724, 8) (767, 5) (835, 9) (847, 3) (872, 5) (883, 9) (894, 4) (920, 1) (934, 7) (940, 7) (970, 1) (984, 7) (993, 5) (1002, 9) (1017, 9) (1019, 2) (1034, 9) (1053, 1) (1056, 8) (1070, 3) (1076, 1) (1080, 8) (1090, 9) (1103, 5) (1109, 8) (1119, 9) (1146, 1) (1184, 5) 
server num: 75
total cost: 418651
use time: 41.7734


case: ../../case_result/4/result0.txt
node_num: 1200
customer_num: 480
server level: 
(49, 2) (78, 5) (105, 9) (107, 9) (133, 8) (142, 5) (152, 0) (161, 1) (177, 9) (225, 9) (236, 2) (242, 4) (274, 5) (291, 0) (296, 8) (314, 3) (341, 0) (343, 2) (359, 8) (373, 8) (389, 5) (390, 2) (394, 4) (411, 4) (416, 8) (436, 9) (458, 2) (460, 4) (468, 8) (470, 9) (510, 4) (515, 9) (526, 9) (527, 1) (538, 9) (556, 9) (578, 9) (582, 5) (615, 1) (617, 4) (641, 9) (650, 4) (656, 2) (657, 4) (683, 2) (688, 5) (700, 2) (714, 5) (724, 9) (767, 4) (835, 9) (847, 2) (872, 5) (883, 9) (894, 4) (920, 1) (934, 6) (940, 8) (970, 1) (984, 8) (991, 2) (993, 4) (1002, 9) (1017, 9) (1019, 1) (1034, 8) (1053, 1) (1056, 9) (1070, 2) (1076, 0) (1080, 9) (1090, 9) (1103, 3) (1109, 5) (1119, 9) (1146, 1) (1184, 3) 
server num: 77
total cost: 334778
use time: 42.6505


case: ../../case_result/6/result0.txt
node_num: 1200
customer_num: 480
server level: 
(78, 6) (105, 9) (107, 9) (134, 9) (152, 0) (161, 2) (177, 9) (236, 4) (242, 5) (274, 5) (291, 0) (296, 8) (306, 5) (341, 1) (343, 3) (359, 8) (373, 8) (389, 5) (390, 3) (394, 4) (411, 4) (436, 9) (458, 2) (470, 8) (510, 4) (511, 5) (515, 9) (526, 9) (527, 2) (538, 9) (556, 9) (570, 9) (582, 5) (586, 2) (597, 4) (602, 1) (615, 1) (617, 4) (620, 9) (641, 9) (650, 5) (656, 3) (657, 4) (683, 2) (688, 5) (700, 3) (714, 5) (724, 8) (767, 5) (835, 9) (847, 3) (872, 5) (883, 9) (894, 4) (920, 1) (934, 7) (940, 7) (970, 1) (984, 7) (993, 5) (1002, 9) (1017, 9) (1019, 2) (1034, 9) (1053, 1) (1056, 8) (1070, 3) (1076, 1) (1080, 8) (1090, 9) (1103, 5) (1109, 8) (1119, 9) (1146, 1) (1184, 5) 
server num: 75
total cost: 418651
use time: 41.6269


case: ../../case_result/6/result0.txt
node_num: 1200
customer_num: 480
server level: 
(78, 6) (105, 9) (107, 9) (134, 9) (152, 0) (161, 2) (177, 9) (236, 4) (242, 5) (274, 5) (291, 0) (296, 8) (306, 5) (341, 1) (343, 3) (359, 8) (373, 8) (389, 5) (390, 3) (394, 4) (411, 4) (436, 9) (458, 2) (470, 8) (510, 4) (511, 5) (515, 9) (526, 9) (527, 2) (538, 9) (556, 9) (570, 9) (582, 5) (586, 2) (597, 4) (602, 1) (615, 1) (617, 4) (620, 9) (641, 9) (650, 5) (656, 3) (657, 4) (683, 2) (688, 5) (700, 3) (714, 5) (724, 8) (767, 5) (835, 9) (847, 3) (872, 5) (883, 9) (894, 4) (920, 1) (934, 7) (940, 7) (970, 1) (984, 7) (993, 5) (1002, 9) (1017, 9) (1019, 2) (1034, 9) (1053, 1) (1056, 8) (1070, 3) (1076, 1) (1080, 8) (1090, 9) (1103, 5) (1109, 8) (1119, 9) (1146, 1) (1184, 5) 
server num: 75
total cost: 418651
use time: 41.6161


case: ../../case_result/6/result0.txt
node_num: 1200
customer_num: 480
server level: 
(22, 6) (46, 5) (69, 1) (72, 6) (78, 5) (93, 1) (103, 2) (112, 2) (142, 7) (158, 1) (161, 2) (174, 2) (195, 5) (208, 6) (215, 2) (219, 2) (232, 3) (236, 4) (242, 6) (274, 4) (306, 3) (328, 2) (343, 3) (361, 7) (373, 8) (374, 4) (389, 6) (390, 3) (394, 5) (409, 5) (411, 4) (439, 5) (452, 3) (458, 3) (460, 3) (491, 3) (502, 4) (511, 5) (583, 3) (584, 5) (586, 4) (588, 0) (594, 5) (595, 1) (597, 7) (599, 5) (612, 4) (617, 4) (650, 5) (656, 4) (657, 4) (682, 4) (683, 3) (688, 5) (700, 4) (714, 7) (728, 4) (748, 4) (762, 4) (767, 5) (776, 5) (779, 3) (789, 3) (796, 1) (808, 4) (832, 4) (847, 3) (864, 4) (872, 5) (894, 5) (928, 4) (932, 4) (934, 7) (936, 5) (940, 7) (948, 4) (961, 6) (983, 4) (984, 8) (991, 2) (993, 6) (998, 6) (1004, 2) (1019, 2) (1036, 2) (1046, 2) (1060, 5) (1062, 5) (1066, 5) (1069, 5) (1070, 4) (1103, 6) (1109, 9) (1110, 4) (1124, 6) (1134, 2) (1137, 3) (1164, 5) (1184, 5) 
server num: 99
total cost: 467713
use time: 2.47088


case: ../../case_result/4/result0.txt
node_num: 1200
customer_num: 480
server level: 
(22, 6) (46, 5) (69, 1) (72, 7) (77, 4) (78, 7) (93, 1) (103, 2) (112, 2) (142, 7) (155, 6) (158, 1) (161, 2) (174, 2) (195, 5) (208, 6) (215, 2) (236, 4) (242, 6) (259, 4) (274, 4) (306, 3) (343, 3) (361, 7) (373, 8) (374, 4) (383, 4) (389, 6) (390, 3) (394, 5) (409, 5) (411, 4) (439, 5) (452, 3) (458, 3) (460, 3) (491, 3) (511, 5) (551, 4) (582, 4) (583, 3) (584, 5) (586, 4) (588, 0) (594, 4) (595, 1) (597, 7) (599, 5) (612, 4) (617, 4) (650, 5) (656, 4) (657, 4) (682, 5) (683, 3) (688, 4) (700, 4) (714, 7) (728, 4) (748, 4) (762, 4) (767, 9) (776, 5) (779, 4) (796, 1) (808, 4) (832, 4) (847, 3) (850, 5) (864, 2) (872, 5) (894, 5) (928, 3) (934, 7) (936, 5) (940, 7) (961, 6) (983, 4) (984, 8) (991, 2) (993, 7) (998, 6) (1019, 2) (1060, 5) (1062, 5) (1066, 5) (1070, 4) (1103, 6) (1109, 8) (1110, 4) (1124, 6) (1135, 4) (1136, 4) (1164, 5) (1184, 5) 
server num: 95
total cost: 413715
use time: 2.48566


case: ../../case_result/6/result0.txt
node_num: 1200
customer_num: 480
server level: 
(4, 6) (45, 5) (77, 5) (78, 5) (103, 2) (112, 2) (126, 7) (152, 0) (161, 2) (193, 6) (236, 4) (242, 6) (274, 4) (291, 0) (297, 3) (306, 3) (314, 5) (333, 3) (343, 3) (355, 7) (357, 4) (373, 8) (389, 5) (390, 3) (394, 5) (411, 4) (436, 5) (440, 4) (445, 3) (458, 3) (468, 3) (495, 4) (510, 5) (527, 2) (575, 3) (578, 7) (579, 5) (581, 5) (586, 4) (594, 5) (615, 2) (617, 4) (650, 5) (656, 4) (657, 4) (667, 4) (683, 3) (700, 4) (714, 7) (721, 4) (752, 4) (753, 5) (771, 5) (782, 3) (803, 5) (806, 4) (844, 4) (847, 3) (872, 5) (894, 5) (912, 4) (913, 4) (915, 5) (917, 4) (934, 7) (940, 7) (950, 4) (951, 6) (952, 4) (954, 4) (955, 4) (970, 1) (984, 8) (991, 2) (993, 6) (995, 6) (1002, 6) (1019, 2) (1030, 2) (1055, 5) (1056, 5) (1070, 4) (1076, 1) (1103, 6) (1109, 9) (1110, 4) (1115, 6) (1119, 3) (1146, 1) (1151, 5) (1184, 5) (1187, 5) 
server num: 92
total cost: 420046
use time: 4.96246


case: ../../case_result/6/result0.txt
node_num: 1200
customer_num: 480
server level: 
(4, 9) (45, 9) (53, 9) (78, 5) (103, 2) (112, 2) (126, 9) (158, 1) (161, 2) (174, 2) (193, 9) (212, 9) (215, 2) (236, 4) (242, 4) (274, 6) (294, 6) (306, 4) (314, 5) (328, 2) (348, 3) (361, 5) (373, 8) (374, 4) (389, 5) (390, 3) (394, 4) (409, 5) (411, 4) (439, 4) (452, 3) (458, 3) (460, 3) (491, 3) (502, 4) (583, 3) (586, 4) (588, 0) (594, 5) (599, 5) (608, 2) (612, 3) (617, 4) (650, 5) (656, 4) (657, 4) (682, 4) (683, 2) (688, 5) (700, 3) (714, 6) (728, 3) (748, 3) (762, 4) (767, 4) (776, 4) (779, 2) (789, 3) (796, 1) (808, 4) (819, 5) (832, 4) (847, 3) (855, 2) (864, 4) (872, 5) (894, 4) (932, 3) (934, 7) (936, 4) (940, 7) (948, 4) (961, 5) (970, 1) (983, 4) (984, 5) (986, 3) (991, 2) (993, 6) (998, 5) (1004, 2) (1012, 5) (1019, 2) (1036, 2) (1046, 2) (1060, 4) (1062, 5) (1066, 4) (1069, 5) (1070, 4) (1076, 1) (1103, 5) (1109, 9) (1110, 4) (1124, 6) (1134, 2) (1137, 3) (1164, 4) (1184, 5) 
server num: 99
total cost: 454202
use time: 4.26334


case: ../../case_result/6/result0.txt
node_num: 1200
customer_num: 480
server level: 
(45, 5) (53, 1) (77, 5) (78, 3) (103, 2) (126, 7) (152, 0) (161, 2) (193, 6) (236, 4) (241, 4) (242, 6) (274, 4) (291, 0) (297, 3) (306, 3) (314, 5) (333, 3) (343, 3) (355, 7) (373, 8) (383, 4) (389, 5) (390, 3) (394, 5) (411, 4) (436, 5) (440, 4) (445, 3) (458, 3) (468, 3) (495, 4) (510, 5) (527, 2) (537, 2) (575, 3) (578, 7) (579, 5) (586, 4) (594, 5) (602, 1) (610, 4) (615, 2) (617, 4) (650, 5) (656, 4) (657, 4) (667, 4) (675, 2) (683, 3) (693, 3) (700, 4) (714, 7) (721, 4) (725, 3) (752, 2) (753, 5) (767, 2) (771, 3) (776, 3) (782, 3) (800, 4) (803, 5) (844, 4) (847, 3) (851, 0) (872, 5) (894, 5) (913, 4) (915, 5) (917, 4) (920, 2) (934, 7) (940, 7) (951, 6) (955, 4) (956, 3) (970, 1) (984, 8) (993, 6) (995, 6) (1000, 2) (1002, 3) (1019, 2) (1030, 2) (1032, 3) (1055, 5) (1056, 5) (1057, 5) (1076, 1) (1103, 6) (1109, 9) (1110, 4) (1115, 6) (1118, 2) (1119, 3) (1146, 1) (1151, 5) (1184, 5) 
server num: 99
total cost: 424594
use time: 4.32502


case: ../../case_result/6/result0.txt
node_num: 1200
customer_num: 480
server level: 
(45, 5) (53, 1) (77, 5) (78, 3) (103, 2) (126, 7) (152, 0) (161, 2) (193, 6) (236, 4) (241, 4) (242, 6) (274, 4) (291, 0) (297, 3) (306, 3) (314, 5) (333, 3) (343, 3) (355, 7) (373, 8) (383, 4) (389, 5) (390, 3) (394, 5) (411, 4) (436, 5) (440, 4) (445, 3) (458, 3) (468, 3) (495, 4) (510, 5) (527, 2) (537, 2) (575, 3) (578, 7) (579, 5) (586, 4) (594, 5) (602, 1) (610, 4) (615, 2) (617, 4) (650, 5) (656, 4) (657, 4) (667, 4) (675, 2) (683, 3) (693, 3) (700, 4) (714, 7) (721, 4) (725, 3) (752, 2) (753, 5) (767, 2) (771, 3) (776, 3) (782, 3) (800, 4) (803, 5) (844, 4) (847, 3) (851, 0) (872, 5) (894, 5) (913, 4) (915, 5) (917, 4) (920, 2) (934, 7) (940, 7) (951, 6) (955, 4) (956, 3) (970, 1) (984, 8) (993, 6) (995, 6) (1000, 2) (1002, 3) (1019, 2) (1030, 2) (1032, 3) (1055, 5) (1056, 5) (1057, 5) (1076, 1) (1103, 6) (1109, 9) (1110, 4) (1115, 6) (1118, 2) (1119, 3) (1146, 1) (1151, 5) (1184, 5) 
server num: 99
total cost: 424594
use time: 4.3811


case: ../../case_result/6/result0.txt
node_num: 1200
customer_num: 480
server level: 
(22, 6) (46, 5) (72, 7) (77, 4) (78, 5) (93, 1) (103, 2) (112, 2) (142, 7) (155, 6) (158, 1) (161, 2) (174, 2) (195, 5) (208, 6) (215, 2) (236, 4) (242, 6) (259, 4) (274, 4) (306, 3) (343, 3) (361, 7) (373, 8) (374, 4) (383, 4) (389, 6) (390, 3) (394, 5) (409, 5) (411, 4) (439, 5) (452, 3) (458, 3) (460, 3) (491, 3) (511, 5) (551, 4) (582, 4) (583, 3) (584, 5) (586, 4) (588, 0) (594, 4) (595, 1) (597, 5) (599, 5) (612, 4) (617, 4) (650, 5) (656, 4) (657, 4) (682, 5) (683, 3) (688, 3) (700, 4) (714, 7) (728, 4) (748, 4) (762, 4) (767, 9) (776, 5) (779, 4) (796, 1) (808, 4) (832, 4) (847, 3) (850, 5) (864, 2) (872, 5) (894, 5) (928, 3) (934, 7) (936, 5) (940, 7) (961, 6) (983, 4) (984, 8) (991, 2) (993, 7) (998, 6) (1004, 2) (1019, 2) (1060, 5) (1062, 5) (1066, 5) (1070, 4) (1103, 6) (1109, 8) (1110, 4) (1124, 6) (1135, 4) (1136, 4) (1145, 3) (1164, 5) (1184, 5) 
server num: 96
total cost: 468686
use time: 2.57718


case: ../../case_result/6/result0.txt
node_num: 1200
customer_num: 480
server level: 
(22, 6) (46, 5) (69, 1) (72, 6) (78, 5) (93, 1) (103, 2) (112, 2) (142, 7) (158, 1) (161, 2) (174, 2) (195, 5) (208, 6) (215, 2) (219, 2) (232, 3) (236, 4) (242, 6) (274, 4) (306, 3) (328, 2) (343, 3) (361, 7) (373, 8) (374, 4) (389, 6) (390, 3) (394, 5) (409, 5) (411, 4) (439, 5) (452, 3) (458, 3) (460, 3) (491, 3) (502, 4) (511, 5) (583, 3) (584, 5) (586, 4) (588, 0) (594, 5) (595, 1) (597, 7) (599, 5) (612, 4) (617, 4) (650, 5) (656, 4) (657, 4) (682, 4) (683, 3) (688, 5) (700, 4) (714, 7) (728, 4) (748, 4) (762, 4) (767, 5) (776, 5) (779, 3) (789, 3) (796, 1) (808, 4) (832, 4) (847, 3) (864, 4) (872, 5) (894, 5) (928, 4) (932, 4) (934, 7) (936, 5) (940, 7) (948, 4) (961, 6) (983, 4) (984, 8) (991, 2) (993, 6) (998, 6) (1004, 2) (1019, 2) (1036, 2) (1046, 2) (1060, 5) (1062, 5) (1066, 5) (1069, 5) (1070, 4) (1103, 6) (1109, 9) (1110, 4) (1124, 6) (1134, 2) (1137, 3) (1164, 5) (1184, 5) 
server num: 99
total cost: 467713
use time: 2.44748


case: ../../case_result/6/result0.txt
node_num: 1200
customer_num: 480
server level: 
(0, 7) (55, 8) (56, 7) (78, 6) (103, 2) (105, 5) (107, 6) (132, 5) (133, 5) (152, 0) (161, 2) (174, 2) (177, 6) (236, 3) (242, 4) (274, 4) (291, 0) (296, 5) (306, 4) (314, 4) (333, 5) (343, 2) (359, 5) (373, 6) (389, 4) (390, 3) (394, 4) (411, 4) (416, 4) (458, 3) (467, 4) (468, 5) (470, 5) (510, 4) (515, 4) (526, 5) (527, 1) (537, 4) (538, 4) (556, 5) (570, 4) (575, 4) (577, 4) (586, 3) (594, 5) (602, 1) (613, 1) (617, 3) (640, 3) (641, 5) (650, 4) (656, 3) (657, 3) (666, 3) (669, 3) (683, 2) (688, 4) (697, 4) (700, 2) (714, 5) (724, 4) (751, 5) (767, 4) (769, 1) (782, 4) (800, 4) (826, 1) (835, 5) (847, 2) (872, 3) (883, 5) (894, 4) (920, 1) (934, 6) (940, 5) (952, 4) (956, 4) (970, 0) (984, 6) (993, 5) (1002, 5) (1017, 3) (1029, 1) (1031, 4) (1032, 4) (1034, 4) (1056, 4) (1070, 2) (1076, 0) (1080, 4) (1090, 4) (1103, 4) (1109, 8) (1110, 3) (1118, 3) (1119, 5) (1146, 1) (1184, 4) (1187, 5) 
server num: 99
total cost: 393952
use time: 83.0679


case: ../../case_result/6/result0.txt
node_num: 1200
customer_num: 480
server level: 
(0, 2) (55, 5) (56, 3) (78, 5) (103, 2) (105, 2) (107, 4) (132, 3) (133, 4) (152, 0) (161, 2) (174, 2) (177, 3) (236, 4) (242, 5) (274, 4) (291, 0) (296, 4) (306, 3) (314, 5) (333, 5) (343, 3) (359, 4) (373, 7) (389, 5) (390, 3) (394, 4) (411, 4) (416, 4) (458, 3) (467, 3) (468, 5) (470, 3) (510, 5) (515, 4) (526, 4) (527, 2) (537, 2) (538, 2) (556, 3) (570, 3) (575, 4) (577, 4) (586, 4) (594, 5) (602, 1) (613, 1) (617, 4) (640, 4) (641, 6) (650, 5) (656, 4) (657, 4) (666, 3) (669, 4) (683, 2) (688, 5) (697, 5) (700, 3) (714, 6) (724, 4) (751, 6) (767, 2) (769, 1) (782, 4) (800, 4) (826, 2) (835, 6) (847, 3) (872, 4) (883, 6) (894, 5) (920, 2) (934, 7) (940, 6) (952, 3) (956, 3) (970, 1) (984, 7) (993, 6) (1002, 6) (1017, 4) (1029, 1) (1031, 5) (1032, 5) (1034, 5) (1056, 5) (1070, 3) (1076, 1) (1080, 5) (1090, 4) (1103, 5) (1109, 9) (1110, 4) (1118, 3) (1119, 6) (1146, 1) (1184, 5) (1187, 6) 
server num: 99
total cost: 401261
use time: 53.0356


case: ../../case_result/6/result0.txt
node_num: 1200
customer_num: 480
server level: 
(0, 7) (55, 8) (56, 7) (78, 6) (103, 2) (105, 5) (107, 6) (132, 5) (133, 5) (152, 0) (161, 2) (174, 2) (177, 6) (236, 3) (242, 4) (274, 4) (291, 0) (296, 5) (306, 4) (314, 4) (333, 5) (343, 2) (359, 5) (373, 6) (389, 4) (390, 3) (394, 4) (411, 4) (416, 4) (458, 3) (467, 4) (468, 5) (470, 5) (510, 4) (515, 4) (526, 5) (527, 1) (537, 4) (538, 4) (556, 5) (570, 4) (575, 4) (577, 4) (586, 3) (594, 5) (602, 1) (613, 1) (617, 3) (640, 3) (641, 5) (650, 4) (656, 3) (657, 3) (666, 3) (669, 3) (683, 2) (688, 4) (697, 4) (700, 2) (714, 5) (724, 4) (751, 5) (767, 4) (769, 1) (782, 4) (800, 4) (826, 1) (835, 5) (847, 2) (872, 3) (883, 5) (894, 4) (920, 1) (934, 6) (940, 5) (952, 4) (956, 4) (970, 0) (984, 6) (993, 5) (1002, 5) (1017, 3) (1029, 1) (1031, 4) (1032, 4) (1034, 4) (1056, 4) (1070, 2) (1076, 0) (1080, 4) (1090, 4) (1103, 4) (1109, 8) (1110, 3) (1118, 3) (1119, 5) (1146, 1) (1184, 4) (1187, 5) 
server num: 99
total cost: 393952
use time: 82.8349


case: ../../case_result/4/result0.txt
node_num: 1200
customer_num: 480
server level: 
(0, 9) (45, 8) (56, 9) (78, 6) (103, 2) (105, 8) (107, 8) (133, 8) (134, 9) (152, 0) (161, 1) (174, 2) (177, 6) (236, 4) (242, 4) (274, 4) (291, 0) (296, 5) (306, 4) (314, 4) (333, 5) (343, 1) (359, 2) (373, 7) (389, 4) (390, 2) (394, 4) (409, 4) (411, 4) (416, 5) (458, 2) (470, 5) (497, 5) (515, 2) (526, 4) (527, 1) (538, 6) (556, 5) (570, 6) (577, 4) (582, 4) (586, 3) (617, 4) (620, 8) (630, 1) (640, 4) (641, 2) (650, 4) (656, 3) (657, 4) (666, 4) (669, 4) (683, 2) (688, 4) (697, 2) (700, 3) (714, 5) (724, 4) (751, 5) (804, 4) (835, 5) (847, 2) (872, 4) (883, 4) (894, 4) (912, 5) (920, 1) (934, 6) (940, 6) (952, 5) (955, 1) (970, 0) (984, 7) (991, 1) (993, 5) (1002, 4) (1017, 8) (1019, 1) (1031, 4) (1032, 5) (1034, 2) (1056, 4) (1070, 3) (1076, 0) (1080, 4) (1090, 4) (1103, 4) (1109, 5) (1110, 3) (1118, 4) (1119, 5) (1146, 0) (1184, 4) (1187, 4) 
server num: 94
total cost: 349563
use time: 65.4805


case: ../../case_result/4/result0.txt
node_num: 1200
customer_num: 480
server level: 
(45, 9) (49, 2) (74, 4) (77, 5) (78, 5) (103, 1) (112, 1) (152, 0) (161, 1) (177, 9) (215, 1) (236, 4) (242, 4) (244, 5) (274, 5) (291, 0) (306, 4) (314, 4) (343, 2) (359, 9) (373, 5) (389, 4) (394, 4) (409, 4) (419, 1) (458, 2) (470, 8) (515, 9) (526, 9) (535, 9) (556, 9) (594, 5) (597, 4) (602, 0) (617, 4) (641, 9) (643, 9) (650, 4) (656, 2) (657, 2) (700, 2) (714, 5) (724, 9) (752, 9) (767, 4) (781, 9) (782, 9) (796, 1) (806, 9) (814, 1) (835, 9) (847, 2) (871, 9) (872, 5) (883, 8) (894, 4) (900, 1) (940, 8) (943, 1) (950, 8) (952, 9) (970, 0) (984, 8) (993, 5) (995, 9) (1002, 9) (1019, 1) (1029, 1) (1034, 9) (1062, 4) (1070, 2) (1076, 0) (1080, 9) (1090, 8) (1103, 4) (1109, 5) (1124, 4) (1151, 9) (1156, 2) (1184, 3) 
server num: 80
total cost: 342149
use time: 28.5007


case: ../../case_result/6/result0.txt
node_num: 1200
customer_num: 480
server level: 
(31, 4) (60, 5) (74, 4) (78, 6) (103, 1) (112, 2) (128, 8) (152, 0) (158, 1) (161, 1) (174, 2) (193, 8) (215, 2) (236, 4) (242, 4) (274, 5) (293, 4) (306, 4) (314, 4) (348, 3) (350, 8) (361, 5) (373, 6) (374, 2) (389, 5) (390, 3) (394, 4) (409, 4) (411, 3) (452, 3) (458, 2) (460, 2) (491, 3) (502, 4) (551, 2) (557, 8) (583, 3) (586, 3) (592, 1) (594, 5) (597, 4) (599, 4) (608, 2) (612, 3) (617, 4) (650, 4) (656, 3) (657, 4) (682, 4) (683, 2) (688, 5) (700, 3) (714, 5) (728, 3) (748, 3) (759, 4) (762, 4) (767, 4) (776, 2) (779, 2) (780, 8) (796, 1) (808, 2) (819, 5) (832, 4) (847, 3) (855, 2) (859, 2) (864, 3) (872, 5) (894, 4) (936, 4) (940, 4) (948, 3) (970, 1) (984, 5) (986, 2) (991, 2) (993, 5) (1017, 8) (1019, 2) (1036, 2) (1046, 2) (1062, 4) (1066, 4) (1070, 3) (1076, 1) (1080, 8) (1094, 8) (1103, 5) (1109, 6) (1110, 2) (1118, 8) (1119, 8) (1124, 3) (1151, 8) (1172, 8) (1175, 2) (1184, 3) 
server num: 99
total cost: 430436
use time: 33.7724


case: ../../case_result/6/result0.txt
node_num: 1200
customer_num: 480
server level: 
(31, 4) (60, 5) (74, 4) (78, 6) (103, 1) (112, 2) (128, 8) (152, 0) (158, 1) (161, 1) (174, 2) (193, 8) (215, 2) (236, 4) (242, 4) (274, 5) (293, 4) (306, 4) (314, 4) (348, 3) (350, 8) (361, 5) (373, 6) (374, 2) (389, 5) (390, 3) (394, 4) (409, 4) (411, 3) (452, 3) (458, 2) (460, 2) (491, 3) (502, 4) (551, 2) (557, 8) (583, 3) (586, 3) (592, 1) (594, 5) (597, 4) (599, 4) (608, 2) (612, 3) (617, 4) (650, 4) (656, 3) (657, 4) (682, 4) (683, 2) (688, 5) (700, 3) (714, 5) (728, 3) (748, 3) (759, 4) (762, 4) (767, 4) (776, 2) (779, 2) (780, 8) (796, 1) (808, 2) (819, 5) (832, 4) (847, 3) (855, 2) (859, 2) (864, 3) (872, 5) (894, 4) (936, 4) (940, 4) (948, 3) (970, 1) (984, 5) (986, 2) (991, 2) (993, 5) (1017, 8) (1019, 2) (1036, 2) (1046, 2) (1062, 4) (1066, 4) (1070, 3) (1076, 1) (1080, 8) (1094, 8) (1103, 5) (1109, 6) (1110, 2) (1118, 8) (1119, 8) (1124, 3) (1151, 8) (1172, 8) (1175, 2) (1184, 3) 
server num: 99
total cost: 430436
use time: 33.7431


case: ../../case_result/6/result0.txt
node_num: 1200
customer_num: 480
server level: 
(45, 8) (60, 5) (65, 3) (78, 6) (105, 5) (107, 2) (133, 4) (134, 8) (152, 0) (155, 3) (161, 1) (174, 2) (177, 2) (236, 4) (242, 4) (274, 5) (291, 0) (296, 2) (314, 4) (333, 4) (343, 2) (359, 4) (373, 6) (389, 5) (390, 3) (394, 4) (411, 3) (416, 4) (458, 2) (460, 2) (468, 8) (470, 3) (510, 4) (515, 3) (526, 4) (527, 2) (537, 3) (538, 8) (556, 4) (570, 8) (577, 4) (586, 3) (594, 5) (597, 4) (617, 4) (625, 3) (640, 2) (641, 8) (643, 4) (650, 4) (656, 3) (657, 4) (666, 3) (669, 4) (683, 2) (688, 5) (700, 3) (714, 5) (724, 3) (751, 8) (767, 2) (804, 5) (832, 4) (835, 8) (847, 3) (859, 2) (872, 4) (883, 2) (894, 4) (915, 4) (920, 2) (934, 4) (940, 4) (952, 4) (956, 2) (970, 1) (975, 3) (984, 5) (991, 2) (993, 5) (1002, 4) (1017, 8) (1019, 2) (1031, 3) (1032, 2) (1053, 1) (1070, 3) (1076, 1) (1080, 8) (1090, 8) (1103, 5) (1109, 6) (1110, 2) (1118, 1) (1119, 8) (1146, 1) (1175, 2) (1184, 3) (1187, 2) 
server num: 99
total cost: 403391
use time: 48.6569


case: ../../case_result/6/result0.txt
node_num: 1200
customer_num: 480
server level: 
(45, 8) (56, 6) (60, 5) (65, 3) (78, 6) (105, 6) (107, 6) (133, 6) (152, 0) (155, 4) (161, 1) (174, 2) (177, 5) (236, 4) (242, 5) (274, 5) (291, 0) (296, 5) (314, 4) (333, 5) (343, 2) (359, 5) (373, 5) (389, 5) (390, 3) (394, 4) (411, 4) (416, 4) (458, 2) (460, 3) (468, 7) (470, 4) (510, 4) (515, 4) (526, 5) (527, 2) (538, 7) (556, 5) (570, 7) (577, 4) (582, 4) (586, 3) (597, 4) (617, 3) (625, 5) (640, 3) (641, 7) (650, 3) (656, 3) (657, 3) (666, 2) (669, 3) (683, 2) (688, 4) (700, 2) (714, 4) (724, 3) (751, 7) (767, 3) (769, 1) (771, 4) (804, 4) (806, 3) (835, 7) (847, 2) (859, 2) (872, 3) (883, 2) (894, 3) (915, 3) (920, 1) (934, 4) (940, 4) (952, 4) (956, 3) (970, 0) (975, 2) (984, 5) (991, 2) (993, 4) (1002, 3) (1017, 7) (1031, 3) (1032, 3) (1034, 7) (1053, 1) (1070, 2) (1076, 0) (1080, 7) (1090, 7) (1103, 4) (1109, 5) (1110, 2) (1118, 3) (1119, 7) (1146, 1) (1175, 2) (1184, 3) (1187, 3) 
server num: 99
total cost: 397335
use time: 92.1652


case: ../../case_result/6/result0.txt
node_num: 1200
customer_num: 480
server level: 
(20, 0) (22, 5) (34, 0) (40, 1) (41, 0) (43, 0) (49, 1) (57, 1) (61, 0) (64, 0) (68, 1) (69, 0) (72, 3) (73, 0) (75, 2) (77, 5) (78, 6) (93, 1) (95, 0) (99, 0) (103, 1) (111, 0) (112, 1) (118, 1) (124, 0) (135, 1) (142, 5) (147, 0) (149, 0) (156, 0) (158, 1) (160, 0) (161, 2) (165, 1) (170, 2) (174, 2) (181, 0) (185, 0) (186, 0) (187, 0) (194, 0) (198, 1) (204, 0) (207, 1) (208, 2) (209, 1) (213, 0) (215, 0) (217, 0) (219, 1) (220, 0) (223, 0) (229, 0) (233, 0) (236, 2) (239, 0) (242, 5) (253, 0) (257, 1) (258, 0) (259, 2) (272, 0) (274, 5) (284, 2) (286, 1) (289, 0) (294, 5) (300, 2) (306, 2) (308, 0) (309, 0) (314, 3) (323, 0) (324, 1) (326, 0) (339, 0) (343, 2) (346, 2) (351, 1) (365, 1) (369, 0) (373, 7) (374, 2) (375, 0) (383, 1) (388, 0) (389, 4) (390, 3) (392, 1) (394, 2) (410, 0) (411, 4) (412, 0) (424, 1) (426, 1) (428, 1) (432, 1) (437, 2) (453, 2) (455, 1) (458, 1) (460, 2) (462, 1) (471, 0) (472, 1) (473, 4) (480, 0) (486, 0) (487, 1) (489, 0) (491, 3) (505, 0) (506, 1) (507, 1) (510, 5) (511, 3) (519, 0) (522, 0) (523, 1) (527, 1) (539, 0) (542, 0) (551, 2) (552, 0) (564, 1) (568, 1) (572, 1) (582, 6) (583, 3) (584, 1) (586, 1) (587, 0) (588, 0) (593, 0) (595, 1) (597, 3) (598, 1) (599, 2) (601, 1) (606, 1) (607, 0) (612, 3) (617, 3) (618, 0) (619, 1) (624, 1) (628, 0) (633, 0) (634, 1) (636, 1) (637, 0) (638, 0) (650, 2) (652, 0) (655, 1) (656, 3) (657, 2) (660, 1) (663, 2) (677, 0) (678, 0) (683, 2) (692, 0) (700, 2) (705, 2) (708, 1) (711, 0) (712, 2) (714, 5) (728, 3) (729, 0) (730, 1) (731, 0) (736, 0) (737, 0) (748, 2) (754, 0) (755, 2) (758, 0) (762, 2) (764, 0) (765, 1) (767, 4) (773, 2) (775, 0) (776, 2) (779, 1) (784, 0) (786, 0) (789, 1) (790, 0) (791, 0) (793, 0) (794, 1) (796, 1) (798, 0) (808, 2) (815, 0) (817, 0) (825, 0) (831, 1) (847, 3) (848, 1) (849, 2) (864, 3) (866, 2) (868, 0) (872, 5) (875, 0) (892, 1) (898, 0) (905, 0) (908, 0) (918, 1) (932, 1) (934, 5) (936, 3) (942, 1) (948, 1) (959, 0) (961, 3) (962, 1) (964, 1) (967, 2) (977, 0) (980, 1) (981, 1) (984, 8) (986, 1) (988, 0) (989, 0) (990, 0) (991, 1) (992, 0) (993, 3) (997, 0) (1005, 0) (1007, 2) (1019, 1) (1020, 0) (1036, 1) (1048, 1) (1049, 0) (1050, 0) (1051, 0) (1052, 2) (1054, 0) (1060, 1) (1062, 2) (1066, 2) (1069, 2) (1070, 3) (1078, 0) (1085, 0) (1086, 0) (1098, 0) (1101, 0) (1102, 1) (1103, 3) (1105, 0) (1109, 4) (1110, 2) (1124, 3) (1126, 0) (1134, 0) (1135, 1) (1136, 3) (1137, 1) (1138, 1) (1143, 1) (1158, 0) (1161, 0) (1165, 0) (1167, 0) (1168, 0) (1169, 1) (1177, 0) (1178, 1) (1184, 3) (1190, 1) (1191, 0) (1196, 0) 
server num: 282
total cost: 760433
use time: 5.08397


case: ../../case_result/6/result0.txt
node_num: 1200
customer_num: 480
server level: 
(20, 0) (22, 5) (34, 0) (40, 1) (41, 0) (43, 0) (49, 1) (57, 1) (61, 0) (64, 0) (68, 1) (69, 0) (72, 3) (73, 0) (75, 2) (77, 5) (78, 6) (93, 1) (95, 0) (99, 0) (103, 1) (111, 0) (112, 1) (118, 1) (124, 0) (135, 1) (142, 5) (147, 0) (149, 0) (156, 0) (158, 1) (160, 0) (161, 2) (165, 1) (170, 2) (174, 2) (181, 0) (185, 0) (186, 0) (187, 0) (194, 0) (198, 1) (204, 0) (207, 1) (208, 2) (209, 1) (213, 0) (215, 0) (217, 0) (219, 1) (220, 0) (223, 0) (229, 0) (233, 0) (236, 2) (239, 0) (242, 5) (253, 0) (257, 1) (258, 0) (259, 2) (272, 0) (274, 5) (284, 2) (286, 1) (289, 0) (294, 5) (300, 2) (306, 2) (308, 0) (309, 0) (314, 3) (323, 0) (324, 1) (326, 0) (339, 0) (343, 2) (346, 2) (351, 1) (365, 1) (369, 0) (373, 7) (374, 2) (375, 0) (383, 1) (388, 0) (389, 4) (390, 3) (392, 1) (394, 2) (410, 0) (411, 4) (412, 0) (424, 1) (426, 1) (428, 1) (432, 1) (437, 2) (453, 2) (455, 1) (458, 1) (460, 2) (462, 1) (471, 0) (472, 1) (473, 4) (480, 0) (486, 0) (487, 1) (489, 0) (491, 3) (505, 0) (506, 1) (507, 1) (510, 5) (511, 3) (519, 0) (522, 0) (523, 1) (527, 1) (539, 0) (542, 0) (551, 2) (552, 0) (564, 1) (568, 1) (572, 1) (582, 6) (583, 3) (584, 1) (586, 1) (587, 0) (588, 0) (593, 0) (595, 1) (597, 3) (598, 1) (599, 2) (601, 1) (606, 1) (607, 0) (612, 3) (617, 3) (618, 0) (619, 1) (624, 1) (628, 0) (633, 0) (634, 1) (636, 1) (637, 0) (638, 0) (650, 2) (652, 0) (655, 1) (656, 3) (657, 2) (660, 1) (663, 2) (677, 0) (678, 0) (683, 2) (692, 0) (700, 2) (705, 2) (708, 1) (711, 0) (712, 2) (714, 5) (728, 3) (729, 0) (730, 1) (731, 0) (736, 0) (737, 0) (748, 2) (754, 0) (755, 2) (758, 0) (762, 2) (764, 0) (765, 1) (767, 4) (773, 2) (775, 0) (776, 2) (779, 1) (784, 0) (786, 0) (789, 1) (790, 0) (791, 0) (793, 0) (794, 1) (796, 1) (798, 0) (808, 2) (815, 0) (817, 0) (825, 0) (831, 1) (847, 3) (848, 1) (849, 2) (864, 3) (866, 2) (868, 0) (872, 5) (875, 0) (892, 1) (898, 0) (905, 0) (908, 0) (918, 1) (932, 1) (934, 5) (936, 3) (942, 1) (948, 1) (959, 0) (961, 3) (962, 1) (964, 1) (967, 2) (977, 0) (980, 1) (981, 1) (984, 8) (986, 1) (988, 0) (989, 0) (990, 0) (991, 1) (992, 0) (993, 3) (997, 0) (1005, 0) (1007, 2) (1019, 1) (1020, 0) (1036, 1) (1048, 1) (1049, 0) (1050, 0) (1051, 0) (1052, 2) (1054, 0) (1060, 1) (1062, 2) (1066, 2) (1069, 2) (1070, 3) (1078, 0) (1085, 0) (1086, 0) (1098, 0) (1101, 0) (1102, 1) (1103, 3) (1105, 0) (1109, 4) (1110, 2) (1124, 3) (1126, 0) (1134, 0) (1135, 1) (1136, 3) (1137, 1) (1138, 1) (1143, 1) (1158, 0) (1161, 0) (1165, 0) (1167, 0) (1168, 0) (1169, 1) (1177, 0) (1178, 1) (1184, 3) (1190, 1) (1191, 0) (1196, 0) 
server num: 282
total cost: 760433
use time: 13.6554


case: ../../case_result/6/result0.txt
node_num: 1200
customer_num: 480
server level: 
(20, 0) (22, 5) (34, 0) (40, 0) (41, 0) (43, 0) (49, 1) (57, 1) (61, 0) (64, 0) (68, 1) (69, 0) (72, 3) (73, 0) (75, 3) (77, 4) (78, 6) (93, 1) (95, 0) (99, 0) (103, 1) (111, 0) (112, 1) (118, 1) (124, 0) (135, 1) (142, 5) (147, 0) (149, 0) (156, 0) (158, 1) (160, 0) (161, 2) (165, 1) (170, 1) (174, 2) (181, 0) (185, 0) (186, 0) (187, 0) (194, 0) (198, 1) (204, 0) (207, 1) (208, 2) (209, 1) (213, 0) (215, 0) (217, 0) (219, 2) (220, 0) (223, 0) (229, 0) (233, 0) (236, 2) (239, 0) (242, 5) (253, 0) (257, 1) (258, 0) (272, 0) (274, 5) (284, 2) (286, 1) (289, 0) (294, 5) (300, 2) (306, 2) (308, 0) (309, 1) (314, 3) (323, 0) (324, 0) (326, 0) (339, 1) (343, 2) (346, 2) (351, 1) (361, 5) (365, 1) (369, 0) (373, 7) (374, 2) (375, 0) (383, 1) (388, 0) (389, 5) (390, 3) (392, 1) (394, 2) (410, 0) (412, 0) (424, 1) (426, 1) (428, 1) (432, 1) (437, 2) (453, 2) (455, 1) (458, 1) (460, 3) (462, 1) (471, 0) (472, 1) (480, 0) (486, 0) (487, 1) (489, 0) (491, 2) (505, 0) (506, 1) (507, 1) (510, 5) (511, 4) (519, 0) (522, 0) (523, 2) (527, 1) (539, 0) (542, 0) (551, 2) (552, 0) (564, 1) (568, 1) (572, 1) (582, 6) (583, 3) (584, 1) (586, 1) (587, 0) (588, 0) (593, 0) (595, 1) (597, 3) (598, 1) (599, 2) (601, 1) (606, 1) (607, 0) (612, 3) (617, 3) (618, 0) (619, 1) (624, 1) (628, 0) (633, 0) (634, 1) (636, 0) (637, 0) (638, 0) (650, 2) (652, 0) (655, 0) (656, 3) (657, 2) (660, 1) (663, 2) (677, 0) (678, 0) (683, 2) (692, 0) (700, 3) (705, 2) (708, 0) (711, 0) (712, 2) (714, 5) (728, 3) (729, 0) (730, 1) (731, 0) (736, 0) (737, 0) (754, 0) (755, 2) (758, 0) (762, 3) (764, 0) (765, 1) (767, 4) (773, 2) (775, 0) (776, 2) (779, 1) (784, 0) (786, 0) (789, 1) (790, 0) (791, 0) (793, 0) (794, 1) (796, 1) (798, 0) (808, 2) (815, 0) (817, 0) (825, 0) (831, 1) (847, 3) (848, 1) (849, 2) (864, 3) (866, 2) (868, 0) (872, 5) (875, 0) (892, 1) (894, 4) (898, 0) (905, 0) (908, 0) (918, 1) (932, 1) (934, 5) (940, 7) (942, 1) (948, 1) (959, 0) (961, 2) (962, 1) (964, 1) (967, 2) (977, 0) (980, 1) (981, 1) (984, 8) (986, 1) (988, 0) (989, 0) (990, 0) (991, 1) (992, 0) (993, 5) (997, 0) (1005, 0) (1007, 2) (1019, 1) (1020, 0) (1036, 1) (1048, 1) (1049, 0) (1050, 0) (1051, 0) (1052, 2) (1054, 0) (1060, 1) (1062, 2) (1066, 2) (1069, 2) (1070, 3) (1078, 0) (1085, 0) (1086, 0) (1098, 0) (1101, 0) (1102, 1) (1103, 3) (1105, 0) (1109, 5) (1110, 2) (1124, 3) (1126, 0) (1134, 0) (1135, 1) (1136, 3) (1137, 1) (1138, 1) (1143, 1) (1158, 0) (1161, 0) (1165, 0) (1167, 0) (1168, 0) (1169, 1) (1177, 0) (1184, 3) (1190, 1) (1191, 0) (1196, 0) 
server num: 279
total cost: 758932
use time: 3.2114


case: ../../case_result/4/result0.txt
node_num: 1200
customer_num: 480
server level: 
(20, 0) (22, 5) (34, 0) (40, 0) (41, 0) (43, 0) (49, 1) (57, 1) (61, 0) (64, 0) (68, 1) (69, 0) (72, 3) (73, 0) (75, 2) (77, 4) (78, 6) (93, 1) (95, 0) (99, 0) (103, 1) (111, 0) (112, 1) (118, 1) (124, 0) (128, 8) (135, 1) (142, 5) (147, 0) (149, 0) (156, 0) (158, 1) (160, 0) (161, 2) (165, 0) (170, 0) (174, 2) (181, 0) (185, 0) (186, 0) (187, 0) (194, 0) (198, 1) (204, 0) (207, 0) (208, 2) (209, 1) (213, 0) (215, 0) (217, 0) (219, 2) (220, 0) (223, 0) (229, 0) (233, 0) (236, 2) (239, 0) (242, 5) (253, 0) (257, 0) (258, 0) (272, 0) (274, 4) (284, 2) (286, 1) (289, 0) (294, 5) (300, 2) (306, 2) (308, 0) (309, 0) (314, 3) (323, 0) (324, 0) (326, 0) (339, 1) (343, 2) (346, 2) (351, 1) (361, 5) (365, 1) (369, 0) (373, 5) (374, 2) (375, 0) (383, 1) (388, 0) (389, 5) (390, 3) (392, 1) (394, 2) (410, 0) (412, 0) (424, 1) (426, 1) (428, 1) (432, 1) (433, 2) (437, 2) (453, 2) (455, 1) (458, 1) (460, 3) (462, 1) (471, 0) (472, 1) (480, 0) (486, 0) (487, 1) (489, 0) (491, 2) (505, 0) (506, 0) (507, 1) (510, 5) (511, 3) (519, 0) (522, 0) (523, 0) (527, 1) (539, 0) (542, 0) (551, 2) (552, 0) (556, 9) (564, 1) (568, 1) (572, 1) (582, 5) (583, 2) (584, 1) (586, 1) (587, 0) (588, 0) (593, 0) (595, 1) (597, 3) (598, 1) (599, 2) (601, 1) (606, 1) (607, 0) (612, 3) (617, 3) (618, 0) (619, 1) (624, 1) (628, 0) (633, 0) (634, 1) (636, 0) (637, 0) (638, 0) (650, 1) (652, 0) (655, 0) (656, 3) (657, 2) (660, 1) (663, 2) (677, 0) (678, 0) (683, 2) (692, 0) (700, 2) (705, 2) (708, 0) (711, 0) (712, 2) (714, 5) (728, 3) (729, 0) (730, 0) (731, 0) (736, 0) (737, 0) (754, 0) (755, 1) (758, 0) (762, 2) (764, 0) (765, 1) (767, 4) (773, 2) (775, 0) (776, 2) (779, 1) (784, 0) (786, 0) (789, 1) (790, 0) (791, 0) (793, 0) (794, 1) (796, 1) (798, 0) (808, 2) (815, 0) (817, 0) (825, 0) (831, 1) (847, 3) (848, 1) (849, 2) (864, 3) (866, 2) (868, 0) (872, 5) (875, 0) (892, 1) (894, 4) (898, 0) (905, 0) (908, 0) (918, 0) (932, 1) (934, 4) (940, 5) (942, 1) (948, 1) (959, 0) (961, 2) (962, 1) (964, 1) (967, 2) (977, 0) (980, 1) (981, 1) (984, 8) (986, 1) (988, 0) (989, 0) (990, 0) (991, 1) (992, 0) (993, 5) (997, 0) (1005, 0) (1007, 2) (1016, 9) (1019, 1) (1020, 0) (1036, 1) (1048, 1) (1049, 0) (1050, 0) (1051, 0) (1052, 2) (1054, 0) (1060, 1) (1062, 2) (1066, 2) (1069, 1) (1070, 2) (1078, 0) (1085, 0) (1086, 0) (1098, 0) (1101, 0) (1102, 1) (1103, 3) (1105, 0) (1109, 5) (1110, 2) (1124, 3) (1126, 0) (1134, 0) (1135, 1) (1136, 2) (1137, 1) (1138, 1) (1143, 1) (1158, 0) (1161, 0) (1165, 0) (1167, 0) (1168, 0) (1169, 1) (1177, 0) (1184, 3) (1190, 1) (1191, 0) (1196, 0) 
server num: 283
total cost: 745238
use time: 7.26348


case: ../../case_result/4/result0.txt
node_num: 1200
customer_num: 480
server level: 
(20, 0) (22, 5) (34, 0) (40, 0) (41, 0) (43, 0) (49, 1) (57, 1) (61, 0) (64, 0) (68, 1) (69, 0) (72, 3) (73, 0) (75, 2) (77, 4) (78, 6) (93, 1) (95, 0) (99, 0) (103, 1) (111, 0) (112, 1) (118, 1) (124, 0) (135, 1) (142, 5) (147, 0) (149, 0) (156, 0) (158, 1) (160, 0) (161, 2) (165, 1) (170, 1) (174, 2) (181, 0) (185, 0) (186, 0) (187, 0) (194, 0) (198, 1) (204, 0) (207, 1) (208, 2) (209, 1) (213, 0) (215, 0) (217, 0) (219, 2) (220, 0) (223, 0) (229, 0) (233, 0) (236, 2) (239, 0) (242, 5) (253, 0) (257, 1) (258, 0) (272, 0) (274, 5) (284, 2) (286, 1) (289, 0) (294, 5) (300, 2) (306, 2) (308, 0) (309, 1) (314, 3) (323, 0) (324, 0) (326, 0) (333, 7) (339, 1) (343, 2) (346, 2) (351, 1) (361, 5) (365, 1) (369, 0) (373, 7) (374, 2) (375, 0) (383, 1) (388, 0) (389, 5) (390, 3) (392, 1) (394, 2) (410, 0) (412, 0) (424, 1) (426, 1) (428, 1) (432, 1) (437, 2) (453, 2) (455, 1) (458, 1) (460, 3) (462, 1) (471, 0) (472, 1) (480, 0) (486, 0) (487, 1) (489, 0) (491, 2) (505, 0) (506, 1) (507, 1) (510, 5) (511, 3) (519, 0) (522, 0) (523, 1) (527, 1) (539, 0) (542, 0) (551, 2) (552, 0) (564, 1) (568, 1) (572, 1) (582, 6) (583, 3) (584, 1) (586, 1) (587, 0) (588, 0) (593, 0) (595, 1) (597, 3) (598, 1) (599, 2) (601, 1) (606, 1) (607, 0) (612, 3) (617, 3) (618, 0) (619, 1) (624, 1) (628, 0) (633, 0) (634, 1) (636, 0) (637, 0) (638, 0) (650, 1) (652, 0) (655, 0) (656, 3) (657, 2) (660, 1) (663, 2) (677, 0) (678, 0) (683, 2) (692, 0) (700, 2) (705, 2) (708, 0) (711, 0) (712, 2) (714, 5) (728, 3) (729, 0) (730, 1) (731, 0) (736, 0) (737, 0) (754, 0) (755, 1) (758, 0) (762, 4) (764, 0) (765, 1) (767, 4) (773, 2) (775, 0) (776, 2) (779, 1) (784, 0) (786, 0) (789, 1) (790, 0) (791, 0) (793, 0) (794, 1) (796, 1) (798, 0) (808, 2) (815, 0) (817, 0) (825, 0) (831, 1) (847, 3) (848, 1) (849, 2) (864, 3) (866, 2) (868, 0) (872, 5) (875, 0) (892, 1) (894, 4) (898, 0) (905, 0) (908, 0) (918, 1) (932, 1) (934, 5) (940, 7) (942, 1) (948, 1) (959, 0) (961, 2) (962, 1) (964, 1) (967, 2) (977, 0) (980, 1) (981, 1) (984, 8) (986, 1) (988, 0) (989, 0) (990, 0) (991, 1) (992, 0) (993, 5) (997, 0) (1005, 0) (1007, 2) (1019, 1) (1020, 0) (1036, 1) (1048, 1) (1049, 0) (1050, 0) (1051, 0) (1052, 2) (1054, 0) (1060, 1) (1062, 2) (1066, 2) (1069, 2) (1070, 3) (1078, 0) (1085, 0) (1086, 0) (1098, 0) (1101, 0) (1102, 1) (1103, 3) (1105, 0) (1109, 5) (1110, 2) (1124, 3) (1126, 0) (1134, 0) (1135, 1) (1136, 2) (1137, 1) (1138, 1) (1143, 1) (1158, 0) (1161, 0) (1165, 0) (1167, 0) (1168, 0) (1169, 1) (1177, 0) (1184, 3) (1190, 1) (1191, 0) (1196, 0) 
server num: 280
total cost: 742221
use time: 5.07161


case: ../../case_result/4/result0.txt
node_num: 1200
customer_num: 480
server level: 
(22, 6) (49, 3) (72, 7) (75, 4) (77, 5) (78, 7) (93, 1) (103, 2) (112, 2) (142, 7) (158, 1) (161, 2) (174, 3) (208, 6) (219, 3) (236, 4) (242, 7) (274, 6) (284, 2) (294, 5) (300, 2) (306, 3) (314, 5) (333, 9) (343, 3) (346, 2) (361, 7) (373, 8) (374, 4) (389, 6) (390, 3) (394, 4) (437, 2) (453, 2) (458, 3) (460, 4) (491, 3) (510, 5) (511, 5) (527, 2) (551, 4) (582, 7) (583, 5) (588, 0) (595, 1) (597, 6) (599, 5) (606, 2) (612, 4) (617, 4) (650, 5) (656, 4) (657, 5) (663, 4) (683, 3) (700, 4) (705, 2) (712, 3) (714, 7) (728, 4) (729, 0) (755, 4) (762, 4) (767, 9) (773, 6) (776, 5) (789, 3) (796, 1) (808, 4) (847, 3) (848, 3) (849, 3) (864, 4) (866, 3) (872, 5) (894, 5) (934, 5) (940, 7) (961, 5) (967, 2) (984, 9) (991, 2) (993, 7) (1005, 1) (1007, 2) (1019, 2) (1052, 4) (1060, 5) (1062, 5) (1066, 5) (1069, 5) (1070, 4) (1103, 6) (1109, 9) (1110, 4) (1124, 6) (1136, 5) (1167, 1) (1184, 5) 
server num: 99
total cost: 423261
use time: 6.35233


case: ../../case_result/4/result0.txt
node_num: 1200
customer_num: 480
server level: 
(49, 2) (65, 2) (78, 5) (92, 1) (105, 8) (107, 5) (133, 9) (152, 0) (161, 1) (177, 9) (225, 8) (236, 2) (242, 4) (244, 5) (274, 4) (291, 0) (296, 9) (306, 4) (314, 3) (333, 5) (343, 2) (359, 8) (373, 5) (394, 4) (419, 0) (440, 2) (458, 2) (468, 8) (470, 9) (510, 4) (515, 9) (526, 9) (527, 1) (532, 0) (538, 9) (556, 9) (570, 8) (575, 9) (594, 5) (602, 1) (615, 1) (617, 1) (620, 9) (641, 8) (650, 4) (656, 2) (657, 2) (669, 5) (683, 2) (688, 4) (700, 2) (714, 5) (724, 8) (767, 4) (782, 9) (835, 9) (847, 2) (859, 1) (872, 5) (883, 8) (894, 4) (920, 1) (934, 6) (940, 5) (952, 9) (970, 0) (975, 2) (984, 6) (993, 5) (1002, 9) (1017, 8) (1019, 1) (1034, 8) (1053, 1) (1070, 2) (1076, 0) (1080, 9) (1090, 9) (1103, 3) (1109, 5) (1110, 2) (1119, 2) (1146, 1) (1174, 1) (1175, 2) (1184, 3) 
server num: 86
total cost: 343168
use time: 53.549


case: ../../case_result/4/result0.txt
node_num: 1200
customer_num: 480
server level: 
(45, 9) (78, 6) (105, 9) (107, 9) (134, 9) (152, 0) (161, 1) (174, 2) (177, 9) (236, 4) (242, 5) (274, 5) (290, 2) (291, 0) (306, 5) (314, 4) (343, 2) (359, 9) (373, 7) (389, 5) (390, 2) (394, 4) (411, 4) (458, 2) (470, 9) (495, 9) (510, 4) (515, 9) (526, 9) (527, 1) (538, 9) (556, 9) (570, 9) (582, 5) (586, 4) (611, 9) (620, 9) (641, 9) (650, 4) (656, 3) (657, 4) (683, 2) (688, 5) (700, 2) (714, 5) (724, 9) (767, 5) (835, 9) (847, 3) (872, 5) (883, 9) (894, 4) (920, 1) (934, 6) (940, 8) (967, 2) (970, 1) (984, 8) (991, 2) (993, 5) (1002, 9) (1017, 9) (1019, 1) (1034, 9) (1053, 1) (1070, 2) (1076, 0) (1080, 9) (1090, 9) (1103, 5) (1109, 8) (1110, 4) (1119, 9) (1184, 4) 
server num: 74
total cost: 335483
use time: 62.9412


case: ../../case_result/4/result0.txt
node_num: 1200
customer_num: 480
server level: 
(45, 9) (78, 6) (105, 9) (107, 9) (134, 9) (152, 0) (161, 1) (174, 2) (177, 9) (236, 4) (242, 5) (274, 5) (290, 2) (291, 0) (306, 5) (314, 4) (343, 2) (359, 9) (373, 7) (389, 5) (390, 2) (394, 4) (411, 4) (458, 2) (470, 9) (495, 9) (510, 4) (515, 9) (526, 9) (527, 1) (538, 9) (556, 9) (570, 9) (582, 5) (586, 4) (611, 9) (620, 9) (641, 9) (650, 4) (656, 3) (657, 4) (683, 2) (688, 5) (700, 2) (714, 5) (724, 9) (767, 5) (835, 9) (847, 3) (872, 5) (883, 9) (894, 4) (920, 1) (934, 6) (940, 8) (967, 2) (970, 1) (984, 8) (991, 2) (993, 5) (1002, 9) (1017, 9) (1019, 1) (1034, 9) (1053, 1) (1070, 2) (1076, 0) (1080, 9) (1090, 9) (1103, 5) (1109, 8) (1110, 4) (1119, 9) (1184, 4) 
server num: 74
total cost: 335483
use time: 61.1494


case: ../../case_result/4/result0.txt
node_num: 1200
customer_num: 480
server level: 
(45, 9) (78, 6) (105, 9) (107, 9) (112, 1) (133, 9) (152, 0) (161, 1) (174, 2) (177, 9) (236, 4) (242, 5) (274, 5) (290, 2) (291, 0) (306, 5) (343, 2) (359, 9) (373, 7) (389, 5) (390, 2) (394, 4) (411, 4) (458, 2) (468, 9) (470, 9) (495, 9) (510, 4) (511, 4) (515, 9) (526, 9) (527, 1) (538, 9) (556, 9) (578, 9) (582, 5) (586, 4) (611, 9) (641, 9) (650, 4) (656, 3) (657, 4) (683, 2) (688, 5) (700, 2) (714, 5) (724, 9) (767, 5) (835, 9) (847, 3) (872, 5) (883, 9) (894, 4) (934, 6) (940, 8) (967, 2) (970, 1) (984, 8) (991, 2) (993, 5) (1002, 9) (1017, 9) (1019, 1) (1034, 9) (1053, 1) (1070, 2) (1076, 0) (1080, 9) (1090, 9) (1103, 5) (1109, 8) (1110, 4) (1119, 9) (1184, 4) 
server num: 74
total cost: 335519
use time: 51.8184


case: ../../case_result/4/result0.txt
node_num: 1200
customer_num: 480
server level: 
(45, 9) (78, 6) (105, 9) (107, 9) (112, 1) (133, 9) (152, 0) (161, 1) (174, 2) (177, 9) (236, 4) (242, 5) (244, 5) (274, 5) (290, 2) (291, 0) (306, 5) (343, 2) (359, 9) (373, 8) (389, 5) (390, 2) (394, 4) (458, 2) (470, 9) (495, 9) (510, 4) (511, 4) (515, 9) (526, 9) (527, 1) (538, 9) (556, 9) (582, 5) (586, 4) (611, 9) (620, 9) (641, 9) (650, 4) (656, 3) (657, 5) (683, 2) (688, 5) (700, 2) (714, 5) (724, 9) (767, 5) (782, 9) (835, 9) (847, 3) (872, 5) (883, 9) (894, 4) (934, 6) (940, 8) (967, 2) (970, 0) (984, 8) (991, 2) (993, 5) (1002, 9) (1017, 9) (1019, 1) (1034, 9) (1053, 1) (1070, 2) (1076, 0) (1080, 9) (1090, 9) (1103, 5) (1109, 8) (1110, 2) (1119, 9) (1184, 4) 
server num: 74
total cost: 335454
use time: 44.4207


case: ../../case_result/4/result0.txt
node_num: 1200
customer_num: 480
server level: 
(49, 2) (78, 6) (105, 9) (107, 9) (112, 1) (133, 9) (152, 0) (161, 1) (174, 2) (177, 9) (236, 4) (242, 4) (274, 5) (291, 0) (306, 4) (343, 2) (359, 9) (373, 7) (389, 5) (390, 1) (394, 4) (411, 4) (436, 9) (458, 2) (468, 9) (470, 9) (495, 9) (510, 4) (511, 4) (515, 9) (526, 9) (527, 1) (538, 9) (556, 9) (578, 9) (582, 5) (602, 1) (617, 4) (641, 9) (650, 4) (656, 2) (657, 2) (683, 2) (688, 5) (700, 2) (714, 5) (724, 9) (767, 4) (782, 9) (835, 9) (847, 2) (872, 5) (883, 9) (894, 4) (934, 6) (940, 8) (970, 0) (984, 8) (993, 5) (1002, 9) (1017, 9) (1019, 1) (1034, 9) (1053, 1) (1056, 9) (1070, 2) (1076, 0) (1080, 9) (1090, 9) (1103, 5) (1109, 8) (1110, 4) (1119, 9) (1146, 1) (1184, 4) 
server num: 75
total cost: 334757
use time: 40.4686


case: ../../case_result/6/result0.txt
node_num: 1200
customer_num: 480
server level: 
(0, 2) (45, 8) (56, 4) (78, 6) (103, 2) (105, 5) (107, 3) (133, 6) (152, 0) (155, 3) (158, 1) (161, 2) (174, 2) (177, 9) (236, 4) (242, 4) (245, 4) (274, 5) (296, 3) (306, 2) (333, 2) (343, 2) (359, 4) (373, 7) (389, 5) (390, 3) (394, 4) (409, 5) (411, 4) (416, 4) (436, 8) (452, 4) (458, 3) (467, 3) (470, 8) (511, 4) (515, 8) (526, 9) (527, 2) (538, 6) (556, 8) (577, 3) (582, 5) (586, 4) (602, 1) (617, 4) (640, 3) (641, 4) (650, 4) (656, 4) (666, 4) (669, 3) (683, 2) (688, 5) (700, 3) (714, 5) (724, 5) (767, 5) (782, 9) (804, 4) (835, 9) (847, 3) (859, 2) (872, 5) (883, 2) (894, 4) (920, 2) (934, 6) (940, 5) (952, 4) (970, 1) (975, 3) (984, 6) (993, 5) (1002, 5) (1019, 2) (1031, 4) (1032, 5) (1034, 4) (1056, 4) (1070, 3) (1076, 1) (1080, 8) (1090, 4) (1103, 5) (1109, 6) (1110, 4) (1118, 2) (1119, 5) (1146, 1) (1166, 1) (1184, 3) (1187, 4) 
server num: 93
total cost: 403868
use time: 52.6167


case: ../../case_result/6/result0.txt
node_num: 1200
customer_num: 480
server level: 
(0, 7) (45, 8) (56, 6) (78, 6) (103, 2) (105, 8) (107, 6) (133, 6) (152, 0) (155, 4) (158, 1) (161, 2) (174, 2) (177, 8) (236, 4) (242, 4) (245, 6) (274, 5) (296, 6) (306, 4) (333, 5) (343, 2) (359, 6) (373, 6) (389, 4) (390, 2) (394, 4) (409, 4) (411, 4) (416, 5) (436, 7) (452, 5) (458, 3) (467, 4) (470, 7) (511, 4) (515, 7) (526, 8) (527, 1) (538, 5) (556, 7) (577, 4) (582, 5) (586, 3) (602, 1) (617, 3) (640, 4) (641, 4) (650, 3) (656, 3) (666, 3) (669, 4) (683, 2) (688, 4) (700, 3) (714, 4) (724, 4) (767, 4) (782, 8) (804, 4) (835, 8) (847, 3) (859, 2) (872, 4) (883, 4) (894, 4) (920, 1) (934, 5) (940, 4) (952, 4) (970, 1) (975, 2) (984, 5) (993, 4) (1002, 4) (1019, 1) (1031, 4) (1032, 4) (1034, 4) (1056, 4) (1070, 2) (1076, 0) (1080, 7) (1090, 4) (1103, 4) (1109, 5) (1110, 3) (1118, 4) (1119, 5) (1146, 1) (1166, 1) (1184, 3) (1187, 4) 
server num: 93
total cost: 398279
use time: 84.6699


case: ../../case_result/6/result0.txt
node_num: 1200
customer_num: 480
server level: 
(0, 5) (56, 6) (78, 6) (103, 2) (105, 6) (107, 5) (133, 5) (134, 6) (152, 0) (158, 1) (161, 2) (174, 2) (177, 5) (236, 3) (242, 4) (274, 5) (296, 7) (306, 4) (314, 4) (333, 5) (343, 2) (359, 5) (373, 5) (389, 4) (390, 3) (394, 3) (411, 4) (416, 5) (445, 6) (458, 3) (467, 5) (470, 5) (510, 4) (515, 7) (526, 5) (527, 2) (538, 7) (556, 5) (570, 7) (577, 4) (579, 4) (582, 5) (586, 3) (597, 4) (617, 3) (630, 2) (640, 4) (641, 7) (650, 4) (656, 3) (657, 3) (666, 4) (669, 4) (683, 2) (688, 4) (700, 3) (714, 4) (724, 4) (751, 4) (767, 3) (782, 4) (804, 4) (806, 4) (835, 8) (847, 2) (859, 2) (864, 3) (872, 4) (883, 3) (894, 3) (920, 1) (934, 5) (940, 5) (952, 4) (970, 0) (975, 2) (982, 2) (984, 5) (991, 2) (993, 4) (1002, 7) (1017, 3) (1019, 1) (1029, 1) (1031, 4) (1032, 3) (1034, 4) (1070, 2) (1076, 0) (1080, 7) (1090, 3) (1103, 4) (1109, 5) (1110, 3) (1119, 4) (1133, 1) (1146, 1) (1184, 3) (1187, 3) 
server num: 99
total cost: 395291
use time: 101.204


case: ../../case_result/4/result0.txt
node_num: 1200
customer_num: 480
server level: 
(49, 2) (78, 6) (105, 9) (107, 9) (112, 1) (133, 9) (152, 0) (161, 1) (174, 2) (177, 9) (236, 4) (242, 4) (274, 5) (291, 0) (306, 4) (343, 2) (359, 9) (373, 7) (389, 5) (390, 1) (394, 4) (411, 4) (436, 9) (458, 2) (468, 9) (470, 9) (495, 9) (510, 4) (511, 4) (515, 9) (526, 9) (527, 1) (538, 9) (556, 9) (578, 9) (582, 5) (602, 1) (617, 4) (641, 9) (650, 4) (656, 2) (657, 2) (683, 2) (688, 5) (700, 2) (714, 5) (724, 9) (767, 4) (782, 9) (835, 9) (847, 2) (872, 5) (883, 9) (894, 4) (934, 6) (940, 8) (970, 0) (984, 8) (993, 5) (1002, 9) (1017, 9) (1019, 1) (1034, 9) (1053, 1) (1056, 9) (1070, 2) (1076, 0) (1080, 9) (1090, 9) (1103, 5) (1109, 8) (1110, 4) (1119, 9) (1146, 1) (1184, 4) 
server num: 75
total cost: 334757
use time: 40.9249


case: ../../case_result/4/result0.txt
node_num: 1200
customer_num: 480
server level: 
(49, 2) (78, 6) (105, 9) (107, 9) (112, 1) (133, 8) (152, 0) (161, 1) (174, 2) (177, 9) (236, 4) (242, 5) (274, 5) (291, 0) (306, 4) (343, 2) (359, 9) (373, 6) (389, 5) (390, 2) (394, 4) (411, 4) (436, 9) (458, 2) (468, 9) (470, 9) (495, 9) (510, 4) (511, 4) (515, 9) (526, 9) (527, 1) (538, 9) (556, 9) (578, 9) (582, 5) (602, 1) (617, 4) (641, 9) (650, 4) (656, 2) (657, 4) (683, 2) (688, 5) (700, 2) (714, 5) (724, 9) (767, 4) (782, 9) (835, 9) (847, 2) (872, 5) (883, 8) (894, 4) (934, 6) (940, 8) (970, 0) (984, 8) (993, 5) (1002, 9) (1017, 9) (1019, 1) (1034, 9) (1053, 1) (1056, 9) (1070, 2) (1076, 0) (1080, 9) (1090, 9) (1103, 4) (1109, 8) (1110, 4) (1119, 9) (1146, 1) (1184, 4) 
server num: 75
total cost: 334315
use time: 65.7588


case: ../../case_result/4/result0.txt
node_num: 1200
customer_num: 480
server level: 
(49, 2) (78, 6) (105, 9) (107, 9) (112, 1) (133, 8) (152, 0) (161, 1) (174, 2) (177, 9) (236, 4) (242, 5) (274, 5) (291, 0) (306, 4) (343, 2) (359, 9) (373, 6) (389, 5) (390, 2) (394, 4) (411, 4) (436, 9) (458, 2) (468, 9) (470, 9) (495, 9) (510, 4) (511, 4) (515, 9) (526, 9) (527, 1) (538, 9) (556, 9) (578, 9) (582, 5) (602, 1) (617, 4) (641, 9) (650, 4) (656, 2) (657, 4) (683, 2) (688, 5) (700, 2) (714, 5) (724, 9) (767, 4) (782, 9) (835, 9) (847, 2) (872, 5) (883, 8) (894, 4) (934, 6) (940, 8) (970, 0) (984, 8) (993, 5) (1002, 9) (1017, 9) (1019, 1) (1034, 9) (1053, 1) (1056, 9) (1070, 2) (1076, 0) (1080, 9) (1090, 9) (1103, 4) (1109, 8) (1110, 4) (1119, 9) (1146, 1) (1184, 4) 
server num: 75
total cost: 334315
use time: 66.1383


case: ../../case_result/4/result0.txt
node_num: 1200
customer_num: 480
server level: 
(49, 2) (78, 6) (105, 9) (107, 9) (112, 1) (133, 8) (152, 0) (161, 1) (174, 2) (177, 9) (236, 4) (242, 5) (274, 5) (291, 0) (306, 4) (343, 2) (359, 9) (373, 6) (389, 5) (390, 2) (394, 4) (411, 4) (436, 9) (458, 2) (468, 9) (470, 9) (495, 9) (510, 4) (511, 4) (515, 9) (526, 9) (527, 1) (538, 9) (556, 9) (578, 9) (582, 5) (602, 1) (617, 4) (641, 9) (650, 4) (656, 2) (657, 4) (683, 2) (688, 5) (700, 2) (714, 5) (724, 9) (767, 4) (782, 9) (835, 9) (847, 2) (872, 5) (883, 8) (894, 4) (934, 6) (940, 8) (970, 0) (984, 8) (993, 5) (1002, 9) (1017, 9) (1019, 1) (1034, 9) (1053, 1) (1056, 9) (1070, 2) (1076, 0) (1080, 9) (1090, 9) (1103, 4) (1109, 8) (1110, 4) (1119, 9) (1146, 1) (1184, 4) 
server num: 75
total cost: 334315
use time: 65.5189


case: ../../case_result/4/result0.txt
node_num: 1200
customer_num: 480
server level: 
(49, 2) (78, 6) (105, 9) (107, 9) (112, 1) (133, 8) (152, 0) (161, 1) (174, 2) (177, 9) (236, 4) (242, 5) (274, 5) (291, 0) (306, 4) (343, 2) (359, 9) (373, 6) (389, 5) (390, 2) (394, 4) (411, 4) (436, 9) (458, 2) (468, 9) (470, 9) (495, 9) (510, 4) (511, 4) (515, 9) (526, 9) (527, 1) (538, 9) (556, 9) (578, 9) (582, 5) (602, 1) (617, 4) (641, 9) (650, 4) (656, 2) (657, 4) (683, 2) (688, 5) (700, 2) (714, 5) (724, 9) (767, 4) (782, 9) (835, 9) (847, 2) (872, 5) (883, 8) (894, 4) (934, 6) (940, 8) (970, 0) (984, 8) (993, 5) (1002, 9) (1017, 9) (1019, 1) (1034, 9) (1053, 1) (1056, 9) (1070, 2) (1076, 0) (1080, 9) (1090, 9) (1103, 4) (1109, 8) (1110, 4) (1119, 9) (1146, 1) (1184, 4) 
server num: 75
total cost: 334315
use time: 65.6957


case: ../../case_result/4/result0.txt
node_num: 1200
customer_num: 480
server level: 
(49, 2) (78, 6) (105, 9) (107, 9) (112, 1) (133, 8) (152, 0) (161, 1) (174, 2) (177, 9) (236, 4) (242, 5) (274, 5) (291, 0) (306, 4) (343, 2) (359, 9) (373, 6) (389, 5) (390, 2) (394, 4) (411, 4) (436, 9) (458, 2) (468, 9) (470, 9) (495, 9) (510, 4) (511, 4) (515, 9) (526, 9) (527, 1) (538, 9) (556, 9) (578, 9) (582, 5) (602, 1) (617, 4) (641, 9) (650, 4) (656, 2) (657, 4) (683, 2) (688, 5) (700, 2) (714, 5) (724, 9) (767, 4) (782, 9) (835, 9) (847, 2) (872, 5) (883, 8) (894, 4) (934, 6) (940, 8) (970, 0) (984, 8) (993, 5) (1002, 9) (1017, 9) (1019, 1) (1034, 9) (1053, 1) (1056, 9) (1070, 2) (1076, 0) (1080, 9) (1090, 9) (1103, 4) (1109, 8) (1110, 4) (1119, 9) (1146, 1) (1184, 4) 
server num: 75
total cost: 334315
use time: 65.4793


case: ../../case_result/4/result0.txt
node_num: 1200
customer_num: 480
server level: 
(49, 2) (78, 6) (105, 9) (107, 9) (112, 1) (133, 8) (152, 0) (161, 1) (174, 2) (177, 9) (236, 4) (242, 5) (274, 5) (291, 0) (306, 4) (343, 2) (359, 9) (373, 6) (389, 5) (390, 2) (394, 4) (411, 4) (436, 9) (458, 2) (468, 9) (470, 9) (495, 9) (510, 4) (511, 4) (515, 9) (526, 9) (527, 1) (538, 9) (556, 9) (578, 9) (582, 5) (602, 1) (617, 4) (641, 9) (650, 4) (656, 2) (657, 4) (683, 2) (688, 5) (700, 2) (714, 5) (724, 9) (767, 4) (782, 9) (835, 9) (847, 2) (872, 5) (883, 8) (894, 4) (934, 6) (940, 8) (970, 0) (984, 8) (993, 5) (1002, 9) (1017, 9) (1019, 1) (1034, 9) (1053, 1) (1056, 9) (1070, 2) (1076, 0) (1080, 9) (1090, 9) (1103, 4) (1109, 8) (1110, 4) (1119, 9) (1146, 1) (1184, 4) 
server num: 75
total cost: 334315
use time: 65.3552


case: ../../case_result/4/result0.txt
node_num: 1200
customer_num: 480
server level: 
(49, 2) (78, 6) (105, 9) (107, 9) (112, 1) (133, 8) (152, 0) (161, 1) (174, 2) (177, 9) (236, 4) (242, 5) (274, 5) (291, 0) (306, 4) (343, 2) (359, 9) (373, 6) (389, 5) (390, 2) (394, 4) (411, 4) (436, 9) (458, 2) (468, 9) (470, 9) (495, 9) (510, 4) (511, 4) (515, 9) (526, 9) (527, 1) (538, 9) (556, 9) (578, 9) (582, 5) (602, 1) (617, 4) (641, 9) (650, 4) (656, 2) (657, 4) (683, 2) (688, 5) (700, 2) (714, 5) (724, 9) (767, 4) (782, 9) (835, 9) (847, 2) (872, 5) (883, 8) (894, 4) (934, 6) (940, 8) (970, 0) (984, 8) (993, 5) (1002, 9) (1017, 9) (1019, 1) (1034, 9) (1053, 1) (1056, 9) (1070, 2) (1076, 0) (1080, 9) (1090, 9) (1103, 4) (1109, 8) (1110, 4) (1119, 9) (1146, 1) (1184, 4) 
server num: 75
total cost: 334315
use time: 52.1104


case: ../../case_result/4/result0.txt
node_num: 1200
customer_num: 480
server level: 
(45, 9) (49, 2) (71, 2) (78, 6) (103, 1) (152, 0) (161, 1) (174, 2) (177, 9) (215, 1) (236, 4) (242, 4) (274, 5) (291, 0) (314, 4) (343, 2) (373, 7) (389, 5) (394, 4) (409, 4) (411, 4) (419, 1) (458, 2) (460, 4) (515, 9) (526, 9) (557, 9) (594, 5) (602, 1) (617, 4) (620, 9) (641, 9) (650, 4) (656, 2) (683, 2) (688, 5) (700, 2) (714, 5) (724, 9) (751, 9) (767, 4) (769, 1) (770, 9) (782, 9) (796, 1) (806, 9) (835, 9) (841, 9) (847, 2) (871, 9) (872, 5) (894, 4) (912, 9) (920, 1) (934, 6) (940, 8) (952, 9) (970, 0) (984, 8) (993, 5) (995, 9) (1001, 9) (1002, 9) (1017, 9) (1034, 9) (1070, 2) (1076, 0) (1080, 9) (1090, 9) (1103, 5) (1109, 8) (1110, 4) (1121, 9) (1171, 9) (1184, 4) 
server num: 75
total cost: 339057
use time: 21.2816


case: ../../case_result/4/result0.txt
node_num: 1200
customer_num: 480
server level: 
(45, 9) (49, 2) (71, 3) (78, 7) (103, 1) (152, 0) (161, 2) (174, 2) (177, 9) (215, 1) (236, 4) (242, 4) (274, 6) (291, 0) (314, 5) (343, 3) (373, 8) (389, 5) (394, 4) (409, 4) (411, 4) (419, 1) (458, 2) (460, 4) (515, 9) (526, 9) (557, 9) (594, 5) (602, 1) (617, 4) (620, 9) (641, 9) (650, 5) (656, 3) (683, 2) (688, 5) (700, 3) (714, 5) (724, 9) (751, 9) (767, 4) (769, 1) (770, 9) (782, 9) (796, 1) (806, 9) (835, 9) (841, 9) (847, 3) (871, 9) (872, 5) (894, 4) (912, 9) (920, 1) (934, 7) (940, 8) (952, 9) (970, 1) (984, 9) (993, 6) (995, 9) (1001, 9) (1002, 9) (1017, 9) (1034, 9) (1070, 3) (1076, 1) (1080, 9) (1090, 9) (1103, 5) (1109, 8) (1110, 4) (1121, 9) (1171, 9) (1184, 5) 
server num: 75
total cost: 344473
use time: 11.3038


case: ../../case_result/4/result0.txt
node_num: 1200
customer_num: 480
server level: 
(45, 9) (49, 2) (71, 3) (78, 7) (103, 1) (152, 0) (161, 2) (174, 2) (177, 9) (215, 1) (236, 4) (242, 4) (274, 6) (291, 0) (314, 5) (343, 3) (373, 8) (389, 5) (394, 4) (409, 4) (411, 4) (419, 1) (458, 2) (460, 4) (515, 9) (526, 9) (557, 9) (594, 5) (602, 1) (617, 4) (620, 9) (641, 9) (650, 5) (656, 3) (683, 2) (688, 5) (700, 3) (714, 5) (724, 9) (751, 9) (767, 4) (769, 1) (770, 9) (782, 9) (796, 1) (806, 9) (835, 9) (841, 9) (847, 3) (871, 9) (872, 5) (894, 4) (912, 9) (920, 1) (934, 7) (940, 8) (952, 9) (970, 1) (984, 9) (993, 6) (995, 9) (1001, 9) (1002, 9) (1017, 9) (1034, 9) (1070, 3) (1076, 1) (1080, 9) (1090, 9) (1103, 5) (1109, 8) (1110, 4) (1121, 9) (1171, 9) (1184, 5) 
server num: 75
total cost: 344473
use time: 11.3791


case: ../../case_result/4/result0.txt
node_num: 1200
customer_num: 480
server level: 
(45, 9) (49, 2) (71, 3) (78, 7) (103, 1) (152, 0) (161, 2) (174, 2) (177, 9) (215, 1) (236, 4) (242, 4) (274, 6) (291, 0) (314, 5) (343, 3) (373, 8) (389, 5) (394, 4) (409, 4) (411, 4) (419, 1) (458, 2) (460, 4) (515, 9) (526, 9) (557, 9) (594, 5) (602, 1) (617, 4) (620, 9) (641, 9) (650, 5) (656, 3) (683, 2) (688, 5) (700, 3) (714, 5) (724, 9) (751, 9) (767, 4) (769, 1) (770, 9) (782, 9) (796, 1) (806, 9) (835, 9) (841, 9) (847, 3) (871, 9) (872, 5) (894, 4) (912, 9) (920, 1) (934, 7) (940, 8) (952, 9) (970, 1) (984, 9) (993, 6) (995, 9) (1001, 9) (1002, 9) (1017, 9) (1034, 9) (1070, 3) (1076, 1) (1080, 9) (1090, 9) (1103, 5) (1109, 8) (1110, 4) (1121, 9) (1171, 9) (1184, 5) 
server num: 75
total cost: 344473
use time: 11.3237


case: ../../case_result/4/result0.txt
node_num: 1200
customer_num: 480
server level: 
(45, 9) (49, 2) (71, 3) (78, 7) (103, 1) (152, 0) (161, 2) (174, 2) (177, 9) (215, 1) (236, 4) (242, 4) (274, 6) (291, 0) (314, 5) (343, 3) (373, 8) (389, 5) (394, 4) (409, 4) (411, 4) (419, 1) (458, 2) (460, 4) (515, 9) (526, 9) (557, 9) (594, 5) (602, 1) (617, 4) (620, 9) (641, 9) (650, 5) (656, 3) (683, 2) (688, 5) (700, 3) (714, 5) (724, 9) (751, 9) (767, 4) (769, 1) (770, 9) (782, 9) (796, 1) (806, 9) (835, 9) (841, 9) (847, 3) (871, 9) (872, 5) (894, 4) (912, 9) (920, 1) (934, 7) (940, 8) (952, 9) (970, 1) (984, 9) (993, 6) (995, 9) (1001, 9) (1002, 9) (1017, 9) (1034, 9) (1070, 3) (1076, 1) (1080, 9) (1090, 9) (1103, 5) (1109, 8) (1110, 4) (1121, 9) (1171, 9) (1184, 5) 
server num: 75
total cost: 344473
use time: 11.2479


case: ../../case_result/4/result0.txt
node_num: 1200
customer_num: 480
server level: 
(45, 9) (49, 2) (71, 3) (78, 7) (103, 1) (152, 0) (161, 2) (174, 2) (177, 9) (215, 1) (236, 4) (242, 4) (274, 6) (291, 0) (314, 5) (343, 3) (373, 8) (389, 5) (394, 4) (409, 4) (411, 4) (419, 1) (458, 2) (460, 4) (515, 9) (526, 9) (557, 9) (594, 5) (602, 1) (617, 4) (620, 9) (641, 9) (650, 5) (656, 3) (683, 2) (688, 5) (700, 3) (714, 5) (724, 9) (751, 9) (767, 4) (769, 1) (770, 9) (782, 9) (796, 1) (806, 9) (835, 9) (841, 9) (847, 3) (871, 9) (872, 5) (894, 4) (912, 9) (920, 1) (934, 7) (940, 8) (952, 9) (970, 1) (984, 9) (993, 6) (995, 9) (1001, 9) (1002, 9) (1017, 9) (1034, 9) (1070, 3) (1076, 1) (1080, 9) (1090, 9) (1103, 5) (1109, 8) (1110, 4) (1121, 9) (1171, 9) (1184, 5) 
server num: 75
total cost: 344473
use time: 11.352


case: ../../case_result/4/result0.txt
node_num: 1200
customer_num: 480
server level: 
(45, 9) (49, 2) (71, 3) (78, 7) (103, 1) (152, 0) (161, 2) (174, 2) (177, 9) (215, 1) (236, 4) (242, 4) (274, 6) (291, 0) (314, 5) (343, 3) (373, 8) (389, 5) (394, 4) (409, 4) (411, 4) (419, 1) (458, 2) (460, 4) (515, 9) (526, 9) (557, 9) (594, 5) (602, 1) (617, 4) (620, 9) (641, 9) (650, 5) (656, 3) (683, 2) (688, 5) (700, 3) (714, 5) (724, 9) (751, 9) (767, 4) (769, 1) (770, 9) (782, 9) (796, 1) (806, 9) (835, 9) (841, 9) (847, 3) (871, 9) (872, 5) (894, 4) (912, 9) (920, 1) (934, 7) (940, 8) (952, 9) (970, 1) (984, 9) (993, 6) (995, 9) (1001, 9) (1002, 9) (1017, 9) (1034, 9) (1070, 3) (1076, 1) (1080, 9) (1090, 9) (1103, 5) (1109, 8) (1110, 4) (1121, 9) (1171, 9) (1184, 5) 
server num: 75
total cost: 344473
use time: 11.324


case: ../../case_result/7/result0.txt
node_num: 1200
customer_num: 480
server level: 
(49, 2) (78, 6) (105, 9) (107, 9) (112, 1) (133, 8) (152, 0) (161, 1) (174, 2) (177, 9) (236, 4) (242, 5) (274, 5) (291, 0) (306, 4) (343, 2) (359, 9) (373, 6) (389, 5) (390, 2) (394, 4) (411, 4) (436, 9) (458, 2) (468, 9) (470, 9) (495, 9) (510, 4) (511, 4) (515, 9) (526, 9) (527, 1) (538, 9) (556, 9) (578, 9) (582, 5) (602, 1) (617, 4) (641, 9) (650, 4) (656, 2) (657, 4) (683, 2) (688, 5) (700, 2) (714, 5) (724, 9) (767, 4) (782, 9) (835, 9) (847, 2) (872, 5) (883, 8) (894, 4) (934, 6) (940, 8) (970, 0) (984, 8) (993, 5) (1002, 9) (1017, 9) (1019, 1) (1034, 9) (1053, 1) (1056, 9) (1070, 2) (1076, 0) (1080, 9) (1090, 9) (1103, 4) (1109, 8) (1110, 4) (1119, 9) (1146, 1) (1184, 4) 
server num: 75
total cost: 334315
use time: 53.052


case: ../../case_result/7/result1.txt
node_num: 1200
customer_num: 480
server level: 
(56, 9) (58, 1) (78, 7) (103, 2) (105, 9) (107, 9) (133, 9) (152, 0) (161, 1) (174, 2) (177, 9) (236, 4) (242, 5) (244, 5) (291, 0) (306, 5) (314, 5) (333, 9) (341, 1) (343, 2) (359, 9) (373, 8) (389, 5) (390, 2) (394, 4) (409, 5) (416, 9) (458, 3) (470, 9) (515, 9) (526, 9) (527, 2) (538, 9) (556, 9) (586, 4) (594, 5) (641, 9) (650, 4) (656, 4) (657, 5) (688, 5) (700, 3) (714, 6) (724, 9) (814, 1) (835, 9) (847, 3) (872, 5) (879, 2) (883, 9) (894, 5) (920, 2) (928, 5) (934, 7) (940, 8) (970, 1) (984, 9) (991, 2) (993, 6) (1002, 9) (1017, 9) (1019, 2) (1032, 9) (1070, 4) (1076, 1) (1080, 9) (1090, 9) (1103, 5) (1109, 9) (1119, 9) (1146, 2) (1184, 5) (1187, 9) 
server num: 73
total cost: 460272
use time: 45.878


case: ../../case_result/7/result2.txt
node_num: 1200
customer_num: 480
server level: 
(78, 7) (103, 2) (105, 9) (107, 9) (133, 9) (152, 0) (161, 1) (174, 2) (176, 9) (177, 9) (236, 4) (242, 5) (244, 5) (274, 5) (291, 0) (306, 5) (343, 2) (359, 9) (373, 8) (389, 5) (390, 2) (394, 4) (409, 5) (436, 9) (458, 3) (470, 9) (511, 5) (515, 9) (526, 9) (527, 1) (538, 9) (556, 9) (582, 6) (586, 4) (617, 4) (620, 9) (641, 9) (650, 4) (656, 4) (657, 5) (683, 2) (688, 5) (700, 4) (714, 6) (724, 9) (767, 5) (835, 9) (847, 3) (872, 5) (894, 4) (920, 2) (934, 7) (940, 8) (970, 1) (984, 9) (991, 2) (993, 6) (1002, 9) (1017, 9) (1019, 2) (1034, 9) (1056, 9) (1070, 4) (1076, 1) (1080, 9) (1090, 9) (1103, 5) (1109, 9) (1110, 4) (1119, 9) (1146, 2) (1184, 5) 
server num: 72
total cost: 374362
use time: 48.5406


case: ../../case_result/7/result3.txt
node_num: 1200
customer_num: 480
server level: 
(45, 9) (77, 5) (78, 5) (105, 9) (107, 9) (134, 9) (152, 0) (161, 1) (174, 2) (177, 9) (236, 4) (242, 5) (274, 5) (291, 0) (306, 5) (314, 4) (333, 8) (341, 0) (343, 2) (359, 9) (373, 8) (389, 5) (390, 2) (394, 4) (411, 4) (436, 9) (458, 2) (470, 9) (495, 9) (510, 4) (515, 9) (526, 9) (527, 1) (538, 9) (556, 9) (578, 9) (582, 5) (586, 4) (617, 4) (641, 9) (650, 4) (656, 2) (657, 4) (683, 2) (700, 2) (714, 4) (724, 9) (751, 9) (767, 4) (835, 9) (847, 2) (872, 5) (883, 8) (894, 4) (920, 1) (934, 6) (940, 8) (970, 0) (984, 8) (991, 2) (993, 5) (1002, 9) (1017, 9) (1019, 1) (1034, 9) (1053, 1) (1070, 2) (1076, 0) (1080, 9) (1090, 9) (1103, 4) (1109, 8) (1119, 9) (1146, 1) (1184, 4) 
server num: 75
total cost: 311773
use time: 55.6517


case: ../../case_result/7/result0.txt
node_num: 1200
customer_num: 480
server level: 
(22, 6) (46, 5) (72, 7) (77, 4) (78, 5) (93, 1) (103, 2) (112, 2) (142, 7) (155, 6) (158, 1) (161, 2) (174, 2) (195, 5) (208, 6) (215, 2) (236, 4) (242, 6) (259, 4) (274, 4) (306, 3) (343, 3) (361, 7) (373, 8) (374, 4) (383, 4) (389, 6) (390, 3) (394, 5) (409, 5) (411, 4) (439, 5) (452, 3) (458, 3) (460, 3) (491, 3) (511, 5) (551, 4) (582, 4) (583, 3) (584, 5) (586, 4) (588, 0) (594, 4) (595, 1) (597, 5) (599, 5) (612, 4) (617, 4) (650, 5) (656, 4) (657, 4) (682, 5) (683, 3) (688, 3) (700, 4) (714, 7) (728, 4) (748, 4) (762, 4) (767, 9) (776, 5) (779, 4) (796, 1) (808, 4) (832, 4) (847, 3) (850, 5) (864, 2) (872, 5) (894, 5) (928, 3) (934, 7) (936, 5) (940, 7) (961, 6) (983, 4) (984, 8) (991, 2) (993, 7) (998, 6) (1004, 2) (1019, 2) (1060, 5) (1062, 5) (1066, 5) (1070, 4) (1103, 6) (1109, 8) (1110, 4) (1124, 6) (1135, 4) (1136, 4) (1145, 3) (1164, 5) (1184, 5) 
server num: 96
total cost: 415186
use time: 2.66807


case: ../../case_result/7/result0.txt
node_num: 1200
customer_num: 480
server level: 
(49, 2) (78, 5) (105, 9) (107, 9) (133, 8) (142, 5) (152, 0) (161, 1) (177, 9) (225, 9) (236, 2) (242, 5) (274, 5) (291, 0) (296, 8) (314, 4) (341, 0) (343, 2) (359, 8) (373, 8) (389, 5) (390, 2) (394, 4) (411, 4) (416, 8) (436, 9) (458, 2) (460, 4) (468, 9) (470, 8) (510, 4) (515, 9) (526, 9) (527, 1) (538, 8) (556, 8) (578, 9) (582, 5) (615, 1) (617, 4) (641, 9) (650, 4) (656, 2) (657, 4) (683, 2) (688, 5) (700, 2) (714, 5) (724, 8) (767, 4) (835, 9) (847, 2) (872, 4) (883, 8) (894, 4) (920, 1) (934, 6) (940, 8) (970, 0) (984, 8) (991, 2) (993, 5) (1002, 9) (1017, 9) (1019, 1) (1034, 9) (1053, 1) (1056, 9) (1070, 2) (1076, 0) (1080, 9) (1090, 8) (1103, 4) (1109, 5) (1119, 9) (1146, 1) (1184, 4) 
server num: 77
total cost: 333882
use time: 59.0688


case: ../../case_result/8/result1.txt
node_num: 1200
customer_num: 480
server level: 
(58, 1) (78, 6) (103, 2) (105, 9) (107, 9) (133, 9) (152, 0) (161, 1) (177, 9) (236, 4) (242, 6) (244, 5) (291, 0) (296, 9) (306, 5) (314, 5) (333, 9) (341, 1) (343, 3) (359, 9) (373, 8) (389, 5) (390, 3) (394, 4) (416, 9) (458, 3) (470, 9) (510, 4) (515, 9) (526, 9) (527, 2) (538, 9) (556, 9) (586, 4) (594, 5) (602, 1) (615, 1) (617, 4) (641, 9) (650, 4) (656, 3) (657, 5) (669, 9) (688, 5) (700, 3) (714, 6) (724, 9) (814, 1) (826, 2) (835, 9) (847, 3) (872, 5) (883, 9) (894, 4) (920, 2) (928, 5) (934, 7) (940, 7) (970, 1) (984, 8) (993, 6) (1002, 9) (1017, 9) (1019, 2) (1032, 8) (1070, 4) (1076, 1) (1080, 9) (1090, 9) (1097, 1) (1103, 5) (1109, 8) (1146, 2) (1184, 4) (1187, 9) 
server num: 75
total cost: 542546
use time: 49.9829


case: ../../case_result/8/result1.txt
node_num: 1200
customer_num: 480
server level: 
(78, 6) (103, 2) (105, 9) (107, 9) (152, 0) (161, 1) (177, 9) (236, 4) (242, 6) (244, 5) (274, 5) (291, 0) (306, 5) (314, 5) (333, 9) (343, 2) (359, 9) (373, 7) (389, 5) (390, 3) (394, 4) (458, 3) (470, 9) (510, 4) (515, 9) (526, 9) (527, 2) (538, 9) (556, 9) (577, 9) (582, 6) (586, 4) (615, 1) (617, 4) (641, 9) (650, 4) (656, 3) (657, 5) (669, 9) (688, 6) (700, 3) (714, 6) (724, 9) (804, 9) (814, 1) (835, 9) (847, 3) (872, 5) (883, 9) (894, 4) (920, 2) (934, 6) (940, 8) (970, 1) (984, 9) (991, 2) (993, 6) (1002, 9) (1017, 9) (1019, 2) (1032, 9) (1070, 4) (1076, 1) (1080, 9) (1090, 9) (1103, 5) (1109, 8) (1110, 4) (1119, 9) (1146, 2) (1184, 4) (1187, 9) 
server num: 72
total cost: 541796
use time: 43.4599


case: ../../case_result/8/result2.txt
node_num: 1200
customer_num: 480
server level: 
(60, 6) (78, 6) (103, 2) (105, 7) (107, 8) (134, 9) (152, 0) (161, 1) (177, 9) (236, 3) (242, 5) (274, 5) (291, 0) (306, 4) (314, 5) (333, 7) (343, 2) (359, 8) (373, 6) (389, 5) (390, 2) (394, 4) (409, 4) (411, 5) (418, 6) (452, 5) (458, 3) (467, 6) (470, 7) (515, 8) (526, 8) (527, 2) (538, 8) (556, 6) (570, 8) (582, 5) (586, 3) (615, 1) (617, 4) (620, 8) (640, 5) (641, 8) (650, 4) (656, 3) (669, 4) (683, 2) (688, 4) (700, 3) (714, 5) (724, 8) (767, 4) (782, 8) (804, 5) (835, 7) (847, 3) (872, 4) (883, 5) (894, 4) (920, 2) (934, 5) (940, 5) (970, 1) (975, 3) (984, 5) (991, 2) (993, 5) (1002, 8) (1017, 8) (1019, 1) (1031, 4) (1032, 4) (1056, 5) (1070, 3) (1076, 1) (1080, 5) (1090, 8) (1103, 4) (1109, 6) (1110, 3) (1119, 5) (1146, 1) (1184, 4) (1187, 5) 
server num: 83
total cost: 445206
use time: 59.1076


case: ../../case_result/8/result2.txt
node_num: 1200
customer_num: 480
server level: 
(49, 3) (77, 5) (78, 6) (105, 8) (107, 9) (133, 8) (134, 9) (152, 0) (158, 1) (161, 1) (177, 9) (225, 8) (236, 4) (242, 5) (274, 5) (306, 5) (314, 4) (341, 1) (343, 2) (359, 8) (373, 7) (389, 5) (390, 3) (394, 4) (411, 5) (436, 9) (458, 3) (470, 8) (510, 4) (515, 8) (526, 9) (527, 2) (538, 8) (556, 8) (570, 9) (578, 8) (582, 6) (602, 1) (615, 1) (617, 4) (641, 8) (650, 4) (656, 3) (657, 5) (683, 2) (700, 3) (714, 5) (724, 9) (767, 5) (804, 6) (835, 9) (847, 3) (872, 5) (883, 8) (894, 4) (920, 2) (934, 6) (940, 7) (970, 1) (984, 7) (993, 5) (1002, 8) (1017, 8) (1019, 1) (1034, 8) (1053, 2) (1056, 8) (1070, 3) (1076, 1) (1080, 8) (1090, 8) (1103, 5) (1109, 6) (1119, 8) (1146, 1) (1184, 4) 
server num: 76
total cost: 451822
use time: 56.8038


case: ../../case_result/8/result2.txt
node_num: 1200
customer_num: 480
server level: 
(49, 2) (78, 6) (105, 7) (107, 7) (133, 6) (152, 0) (161, 2) (177, 7) (236, 4) (242, 5) (274, 5) (291, 0) (296, 7) (306, 5) (333, 7) (341, 1) (343, 3) (359, 7) (373, 6) (389, 5) (390, 3) (394, 4) (411, 5) (436, 7) (458, 3) (467, 6) (468, 7) (470, 6) (510, 4) (511, 4) (515, 7) (526, 7) (527, 2) (538, 7) (556, 7) (570, 7) (575, 6) (577, 6) (582, 5) (597, 5) (602, 1) (615, 2) (617, 4) (620, 7) (641, 7) (650, 4) (656, 3) (657, 4) (669, 6) (683, 2) (688, 5) (700, 3) (714, 5) (724, 7) (767, 5) (782, 7) (835, 7) (847, 3) (872, 5) (883, 6) (894, 4) (920, 2) (934, 6) (940, 6) (952, 6) (970, 1) (984, 7) (993, 5) (1002, 7) (1017, 7) (1019, 2) (1053, 2) (1056, 7) (1070, 3) (1076, 0) (1080, 7) (1090, 6) (1103, 5) (1109, 6) (1119, 7) (1146, 1) (1184, 4) 
server num: 82
total cost: 444911
use time: 61.0051


case: ../../case_result/8/result2.txt
node_num: 1200
customer_num: 480
server level: 
(49, 2) (55, 6) (78, 5) (105, 6) (107, 6) (133, 6) (152, 0) (161, 1) (177, 6) (236, 3) (242, 4) (274, 5) (291, 0) (296, 6) (306, 4) (333, 6) (341, 1) (343, 2) (359, 6) (373, 6) (389, 5) (390, 3) (394, 4) (411, 4) (416, 6) (436, 6) (458, 3) (467, 6) (468, 6) (470, 6) (510, 4) (511, 4) (515, 6) (526, 6) (527, 2) (538, 6) (556, 6) (570, 6) (577, 5) (578, 6) (582, 5) (602, 1) (615, 1) (617, 4) (641, 6) (650, 4) (656, 3) (657, 4) (683, 2) (688, 5) (697, 5) (700, 3) (714, 5) (724, 6) (767, 4) (804, 5) (806, 6) (835, 6) (844, 6) (847, 3) (872, 5) (883, 5) (894, 4) (920, 1) (934, 6) (940, 5) (952, 5) (970, 1) (984, 6) (993, 5) (1002, 6) (1017, 6) (1019, 1) (1031, 5) (1032, 5) (1034, 6) (1053, 2) (1056, 6) (1070, 3) (1076, 1) (1080, 6) (1090, 5) (1103, 4) (1109, 5) (1119, 6) (1146, 2) (1184, 4) (1187, 5) 
server num: 88
total cost: 439392
use time: 57.8278


case: ../../case_result/8/result2.txt
node_num: 1200
customer_num: 480
server level: 
(0, 5) (56, 5) (78, 5) (103, 2) (105, 5) (107, 5) (133, 5) (134, 5) (152, 0) (158, 1) (161, 2) (177, 5) (236, 4) (242, 5) (244, 5) (274, 4) (278, 5) (290, 2) (296, 5) (306, 5) (314, 4) (333, 5) (341, 1) (343, 2) (359, 5) (373, 5) (389, 5) (390, 3) (394, 4) (416, 5) (452, 5) (458, 3) (467, 5) (470, 5) (510, 4) (515, 5) (526, 5) (527, 2) (538, 5) (556, 5) (557, 5) (570, 5) (577, 5) (578, 5) (582, 5) (586, 3) (602, 1) (615, 2) (617, 4) (640, 5) (641, 5) (650, 4) (656, 4) (669, 5) (683, 2) (688, 5) (697, 5) (700, 3) (714, 5) (724, 5) (751, 5) (767, 4) (804, 5) (806, 5) (835, 5) (847, 3) (872, 5) (883, 5) (894, 4) (920, 2) (934, 5) (940, 5) (952, 5) (970, 1) (984, 5) (993, 5) (1002, 5) (1017, 5) (1019, 2) (1031, 5) (1032, 5) (1056, 5) (1070, 3) (1076, 1) (1080, 5) (1090, 5) (1103, 5) (1109, 5) (1118, 5) (1119, 5) (1184, 4) (1187, 5) 
server num: 92
total cost: 438670
use time: 56.8309


case: ../../case_result/8/result2.txt
node_num: 1200
customer_num: 480
server level: 
(45, 9) (77, 5) (78, 6) (103, 2) (105, 8) (107, 8) (133, 8) (134, 9) (152, 0) (161, 2) (177, 7) (236, 3) (242, 5) (245, 5) (274, 4) (291, 0) (306, 4) (314, 4) (333, 6) (343, 2) (359, 5) (373, 6) (389, 4) (390, 2) (394, 4) (411, 4) (436, 8) (452, 5) (458, 3) (470, 7) (510, 4) (515, 5) (526, 8) (527, 2) (538, 7) (556, 8) (557, 6) (570, 7) (577, 5) (582, 5) (586, 3) (615, 1) (617, 3) (620, 7) (641, 8) (650, 4) (656, 3) (666, 4) (683, 2) (697, 5) (700, 3) (714, 5) (724, 7) (767, 4) (771, 5) (826, 1) (835, 8) (847, 3) (872, 4) (883, 5) (894, 4) (920, 2) (934, 5) (940, 5) (952, 5) (970, 1) (984, 5) (991, 2) (993, 5) (1002, 5) (1017, 8) (1019, 1) (1034, 5) (1070, 3) (1076, 1) (1080, 8) (1090, 8) (1103, 4) (1109, 5) (1110, 3) (1119, 8) (1146, 1) (1184, 4) (1187, 4) 
server num: 84
total cost: 444499
use time: 65.8723


case: ../../case_result/8/result2.txt
node_num: 1200
customer_num: 480
server level: 
(45, 9) (56, 7) (65, 4) (72, 5) (78, 6) (103, 2) (105, 8) (107, 8) (112, 2) (133, 4) (142, 5) (152, 0) (158, 1) (161, 1) (174, 2) (177, 5) (236, 3) (242, 4) (244, 5) (274, 5) (343, 2) (359, 8) (373, 6) (389, 5) (390, 2) (394, 4) (416, 4) (458, 2) (460, 3) (467, 4) (470, 8) (510, 4) (511, 3) (515, 4) (518, 1) (526, 8) (527, 1) (538, 8) (556, 8) (557, 8) (570, 8) (577, 4) (582, 5) (586, 3) (597, 4) (617, 3) (625, 5) (641, 5) (650, 3) (656, 3) (657, 3) (669, 3) (683, 2) (688, 4) (697, 3) (700, 2) (714, 4) (724, 8) (767, 4) (804, 3) (835, 8) (847, 2) (872, 3) (883, 8) (894, 3) (934, 4) (940, 6) (970, 0) (975, 2) (984, 7) (991, 2) (993, 4) (996, 3) (1002, 7) (1017, 8) (1019, 1) (1032, 3) (1034, 8) (1070, 2) (1076, 0) (1080, 8) (1090, 8) (1103, 3) (1109, 4) (1110, 2) (1119, 8) (1146, 1) (1175, 2) (1184, 3) (1187, 3) 
server num: 90
total cost: 448717
use time: 60.9565


case: ../../case_result/8/result2.txt
node_num: 1200
customer_num: 480
server level: 
(72, 5) (78, 6) (103, 2) (105, 8) (107, 9) (133, 8) (134, 8) (152, 0) (161, 1) (177, 7) (236, 4) (242, 5) (274, 5) (278, 8) (291, 0) (296, 6) (306, 4) (333, 5) (343, 2) (359, 5) (373, 6) (389, 5) (390, 2) (394, 4) (411, 4) (452, 5) (458, 2) (467, 5) (470, 7) (510, 4) (511, 4) (515, 8) (526, 5) (527, 2) (538, 8) (556, 8) (582, 5) (586, 3) (615, 1) (617, 3) (620, 7) (640, 5) (641, 7) (650, 4) (656, 3) (666, 4) (669, 5) (683, 2) (688, 4) (697, 4) (700, 3) (714, 5) (724, 8) (767, 4) (769, 1) (804, 4) (835, 7) (847, 3) (872, 4) (883, 4) (894, 4) (920, 2) (934, 5) (940, 5) (970, 1) (984, 5) (991, 2) (993, 5) (1002, 8) (1017, 8) (1031, 4) (1032, 4) (1056, 5) (1070, 3) (1076, 1) (1080, 8) (1090, 8) (1103, 4) (1109, 5) (1110, 3) (1118, 5) (1119, 7) (1146, 1) (1184, 3) (1187, 5) 
server num: 85
total cost: 443771
use time: 72.0791


case: ../../case_result/8/result2.txt
node_num: 1200
customer_num: 480
server level: 
(45, 9) (56, 7) (78, 6) (103, 2) (105, 7) (107, 7) (133, 5) (152, 0) (161, 2) (174, 2) (177, 8) (236, 4) (242, 4) (244, 5) (274, 5) (291, 0) (296, 6) (306, 4) (333, 6) (343, 2) (359, 6) (373, 6) (389, 5) (390, 2) (394, 4) (409, 4) (416, 4) (452, 5) (458, 2) (467, 5) (470, 7) (497, 7) (511, 4) (515, 8) (526, 5) (527, 2) (537, 5) (538, 5) (556, 5) (557, 7) (577, 5) (578, 5) (582, 4) (586, 3) (617, 3) (640, 4) (641, 8) (650, 4) (656, 3) (669, 4) (683, 2) (688, 4) (697, 4) (700, 3) (714, 5) (724, 4) (767, 4) (804, 4) (835, 5) (847, 3) (872, 4) (883, 4) (894, 4) (920, 2) (934, 5) (940, 5) (952, 4) (970, 1) (975, 2) (984, 5) (991, 2) (993, 5) (1002, 4) (1017, 4) (1019, 1) (1030, 4) (1031, 4) (1032, 4) (1034, 5) (1070, 3) (1076, 0) (1080, 4) (1090, 7) (1103, 4) (1109, 5) (1110, 3) (1119, 4) (1121, 4) (1146, 1) (1184, 4) (1187, 4) 
server num: 91
total cost: 441703
use time: 91.9945


case: ../../case_result/8/result2.txt
node_num: 1200
customer_num: 480
server level: 
(0, 7) (45, 8) (56, 7) (78, 6) (103, 2) (105, 6) (107, 7) (133, 4) (134, 6) (152, 0) (158, 1) (161, 1) (174, 2) (177, 6) (236, 3) (242, 4) (244, 5) (274, 5) (296, 8) (306, 4) (333, 5) (343, 2) (359, 5) (373, 6) (389, 4) (390, 2) (394, 3) (409, 4) (416, 4) (445, 5) (458, 2) (470, 8) (497, 8) (511, 4) (515, 4) (526, 8) (527, 2) (538, 4) (556, 5) (557, 5) (570, 8) (577, 4) (578, 5) (582, 4) (586, 3) (617, 3) (640, 4) (641, 8) (650, 4) (656, 3) (657, 3) (669, 4) (683, 2) (688, 4) (700, 3) (714, 5) (724, 5) (767, 4) (804, 4) (835, 5) (847, 3) (872, 4) (883, 4) (894, 4) (920, 1) (934, 6) (940, 5) (952, 5) (970, 1) (975, 2) (984, 5) (991, 2) (993, 4) (1002, 4) (1017, 4) (1019, 1) (1031, 4) (1032, 4) (1056, 5) (1070, 2) (1076, 0) (1080, 8) (1090, 8) (1103, 4) (1109, 6) (1110, 3) (1118, 4) (1119, 4) (1146, 1) (1184, 3) (1187, 3) 
server num: 91
total cost: 442666
use time: 74.1053


case: ../../case_result/8/result1.txt
node_num: 1200
customer_num: 480
server level: 
(0, 9) (56, 8) (78, 6) (103, 2) (105, 9) (107, 9) (133, 8) (152, 0) (161, 2) (177, 9) (236, 4) (242, 5) (274, 4) (291, 0) (296, 8) (306, 5) (314, 5) (333, 6) (343, 2) (359, 8) (373, 7) (389, 5) (390, 3) (394, 4) (411, 4) (416, 6) (458, 2) (467, 8) (470, 6) (498, 8) (510, 4) (515, 6) (526, 5) (527, 2) (538, 5) (556, 6) (577, 6) (582, 5) (586, 3) (602, 1) (615, 1) (617, 3) (641, 8) (650, 4) (656, 3) (657, 4) (669, 5) (688, 4) (700, 3) (714, 6) (724, 5) (804, 5) (814, 1) (826, 1) (835, 8) (847, 3) (872, 4) (883, 5) (894, 4) (920, 2) (934, 6) (940, 7) (970, 1) (984, 8) (993, 5) (1002, 6) (1017, 5) (1019, 1) (1031, 4) (1032, 4) (1034, 5) (1056, 6) (1070, 3) (1076, 0) (1080, 8) (1090, 8) (1103, 4) (1109, 4) (1110, 3) (1118, 4) (1119, 5) (1146, 1) (1184, 4) (1187, 4) 
server num: 84
total cost: 536296
use time: 63.1845


case: ../../case_result/8/result3.txt
node_num: 1200
customer_num: 480
server level: 
(45, 9) (78, 6) (103, 1) (105, 9) (107, 9) (133, 8) (152, 0) (161, 1) (174, 2) (177, 9) (236, 4) (242, 5) (274, 6) (291, 0) (296, 9) (306, 5) (343, 2) (359, 9) (361, 5) (373, 7) (389, 5) (390, 2) (394, 4) (416, 8) (458, 2) (467, 6) (470, 6) (510, 4) (511, 4) (515, 5) (526, 8) (527, 1) (538, 5) (556, 8) (570, 9) (577, 5) (582, 6) (586, 2) (617, 4) (620, 9) (641, 8) (650, 4) (656, 3) (657, 4) (669, 2) (683, 2) (688, 5) (700, 3) (714, 6) (724, 6) (751, 6) (767, 5) (835, 9) (847, 2) (872, 5) (894, 4) (920, 1) (934, 6) (940, 7) (952, 5) (970, 0) (984, 7) (991, 1) (993, 5) (1002, 8) (1017, 5) (1019, 1) (1032, 5) (1034, 8) (1070, 3) (1076, 0) (1080, 8) (1090, 8) (1103, 4) (1109, 8) (1110, 3) (1119, 6) (1146, 1) (1184, 4) (1187, 5) 
server num: 80
total cost: 314940
use time: 61.5495


case: ../../case_result/7/result0.txt
node_num: 1200
customer_num: 480
server level: 
(78, 6) (103, 2) (105, 9) (107, 9) (134, 9) (152, 0) (161, 1) (174, 2) (177, 8) (236, 4) (242, 4) (274, 5) (291, 0) (296, 9) (306, 4) (314, 4) (333, 9) (343, 1) (359, 9) (361, 5) (373, 8) (389, 5) (390, 2) (394, 4) (409, 4) (416, 9) (458, 2) (470, 9) (515, 9) (526, 9) (527, 1) (538, 9) (556, 8) (570, 9) (582, 6) (586, 4) (617, 4) (620, 9) (641, 8) (650, 4) (656, 3) (657, 4) (683, 2) (688, 4) (700, 3) (714, 6) (724, 6) (782, 9) (804, 5) (835, 9) (847, 2) (872, 5) (883, 5) (894, 4) (920, 1) (934, 6) (940, 7) (970, 0) (984, 8) (991, 1) (993, 5) (1002, 9) (1017, 8) (1019, 1) (1032, 5) (1056, 8) (1070, 3) (1076, 0) (1080, 8) (1090, 8) (1103, 4) (1109, 8) (1110, 3) (1119, 8) (1146, 1) (1184, 4) 
server num: 76
total cost: 337267
use time: 58.5014


case: ../../case_result/7/result1.txt
node_num: 1200
customer_num: 480
server level: 
(0, 8) (56, 9) (78, 6) (103, 1) (105, 9) (107, 9) (132, 8) (133, 8) (152, 0) (161, 1) (177, 8) (236, 4) (242, 5) (274, 5) (291, 0) (296, 9) (306, 5) (314, 4) (333, 8) (343, 2) (359, 8) (373, 7) (389, 4) (390, 2) (394, 4) (411, 4) (416, 5) (458, 2) (467, 5) (470, 6) (510, 4) (515, 6) (526, 8) (527, 1) (538, 5) (556, 6) (577, 5) (582, 5) (586, 3) (615, 1) (617, 3) (620, 8) (640, 4) (641, 8) (650, 4) (656, 3) (657, 4) (669, 4) (688, 4) (700, 3) (714, 5) (724, 5) (782, 8) (804, 4) (814, 1) (835, 8) (847, 2) (872, 4) (883, 5) (894, 4) (920, 1) (934, 6) (940, 7) (970, 0) (982, 1) (984, 8) (991, 1) (993, 5) (1002, 5) (1019, 1) (1031, 4) (1032, 4) (1056, 8) (1070, 3) (1076, 0) (1080, 8) (1090, 8) (1103, 4) (1109, 5) (1110, 3) (1119, 5) (1146, 1) (1184, 4) (1187, 4) 
server num: 84
total cost: 471973
use time: 62.2267


case: ../../case_result/7/result2.txt
node_num: 1200
customer_num: 480
server level: 
(78, 7) (103, 2) (105, 9) (107, 9) (133, 9) (152, 0) (161, 1) (174, 2) (177, 9) (236, 4) (242, 5) (244, 5) (274, 6) (291, 0) (296, 9) (306, 5) (343, 2) (359, 9) (373, 8) (389, 5) (390, 2) (394, 4) (409, 5) (458, 3) (468, 9) (470, 9) (495, 9) (511, 5) (515, 9) (526, 9) (527, 2) (538, 9) (556, 9) (582, 6) (586, 4) (617, 4) (641, 9) (650, 4) (656, 4) (657, 5) (683, 2) (688, 5) (700, 3) (714, 6) (724, 9) (767, 5) (835, 9) (847, 3) (872, 5) (883, 9) (894, 4) (920, 2) (934, 7) (940, 8) (970, 1) (984, 9) (991, 2) (993, 6) (1002, 9) (1017, 9) (1019, 2) (1056, 9) (1070, 4) (1076, 0) (1080, 9) (1090, 9) (1103, 5) (1109, 9) (1110, 4) (1119, 9) (1146, 1) (1184, 5) 
server num: 72
total cost: 374512
use time: 38.8068


case: ../../case_result/7/result2.txt
node_num: 1200
customer_num: 480
server level: 
(0, 6) (49, 2) (78, 6) (103, 2) (105, 6) (107, 6) (133, 6) (134, 6) (152, 0) (161, 1) (177, 6) (236, 4) (242, 6) (244, 5) (274, 5) (291, 0) (296, 6) (306, 5) (314, 5) (333, 6) (341, 1) (343, 2) (359, 6) (373, 6) (389, 5) (390, 2) (394, 4) (416, 6) (436, 6) (452, 5) (458, 3) (467, 6) (470, 6) (510, 5) (515, 6) (526, 6) (527, 2) (538, 6) (556, 6) (577, 6) (582, 6) (602, 1) (615, 1) (617, 4) (620, 6) (641, 6) (650, 5) (656, 4) (683, 2) (688, 5) (700, 3) (714, 6) (724, 6) (751, 6) (782, 6) (804, 6) (835, 6) (847, 3) (872, 5) (883, 6) (894, 5) (920, 2) (934, 6) (940, 6) (952, 6) (970, 1) (984, 6) (993, 6) (1002, 6) (1017, 6) (1019, 2) (1031, 6) (1032, 6) (1056, 6) (1070, 4) (1076, 1) (1080, 6) (1090, 6) (1103, 5) (1109, 6) (1119, 6) (1146, 2) (1184, 5) (1187, 6) 
server num: 84
total cost: 387418
use time: 55.6686


case: ../../case_result/7/result2.txt
node_num: 1200
customer_num: 480
server level: 
(49, 2) (78, 6) (105, 9) (107, 9) (112, 1) (133, 9) (152, 0) (161, 1) (177, 9) (236, 4) (242, 5) (274, 5) (291, 0) (296, 9) (306, 4) (341, 0) (343, 2) (359, 9) (373, 8) (389, 5) (390, 2) (394, 4) (411, 4) (458, 2) (468, 9) (470, 9) (495, 9) (510, 4) (511, 4) (515, 9) (526, 9) (527, 1) (538, 9) (556, 9) (575, 9) (594, 5) (602, 0) (615, 1) (617, 4) (620, 9) (641, 9) (650, 4) (656, 4) (657, 4) (683, 2) (688, 5) (700, 2) (714, 5) (724, 9) (767, 5) (835, 9) (847, 2) (872, 5) (883, 8) (894, 4) (934, 6) (940, 8) (970, 0) (984, 8) (993, 5) (1002, 9) (1017, 9) (1019, 1) (1034, 9) (1053, 1) (1056, 9) (1070, 2) (1076, 0) (1080, 9) (1090, 9) (1103, 4) (1109, 8) (1119, 9) (1146, 1) (1184, 4) 
server num: 75
total cost: 371441
use time: 54.2274


case: ../../case_result/7/result0.txt
node_num: 1200
customer_num: 480
server level: 
(78, 5) (103, 0) (105, 9) (107, 9) (133, 8) (142, 5) (152, 0) (161, 1) (177, 9) (225, 9) (226, 9) (236, 2) (242, 5) (274, 5) (291, 0) (314, 4) (341, 0) (343, 1) (359, 9) (373, 8) (389, 5) (390, 2) (394, 4) (411, 4) (436, 9) (460, 4) (468, 9) (470, 8) (510, 4) (515, 9) (526, 8) (527, 1) (538, 9) (556, 8) (570, 9) (578, 9) (582, 5) (586, 2) (615, 1) (617, 4) (641, 9) (650, 4) (656, 2) (657, 4) (683, 2) (688, 5) (700, 2) (714, 5) (724, 9) (767, 4) (835, 9) (847, 2) (872, 4) (883, 8) (894, 4) (920, 1) (934, 6) (940, 8) (970, 0) (980, 1) (984, 8) (991, 1) (993, 5) (1002, 9) (1017, 9) (1019, 1) (1034, 9) (1056, 9) (1070, 2) (1076, 0) (1080, 9) (1090, 8) (1103, 4) (1109, 5) (1119, 9) (1146, 1) (1184, 4) 
server num: 77
total cost: 334070
use time: 44.8665


case: ../../case_result/7/result0.txt
node_num: 1200
customer_num: 480
server level: 
(49, 2) (78, 5) (105, 9) (107, 9) (133, 8) (142, 5) (152, 0) (161, 1) (177, 9) (225, 9) (236, 2) (242, 5) (274, 5) (291, 0) (296, 8) (314, 4) (341, 0) (343, 2) (359, 8) (373, 8) (389, 5) (390, 2) (394, 4) (411, 4) (416, 8) (436, 9) (458, 2) (460, 4) (468, 9) (470, 8) (510, 4) (515, 9) (526, 9) (527, 1) (538, 8) (556, 8) (578, 9) (582, 5) (615, 1) (617, 4) (641, 9) (650, 4) (656, 2) (657, 4) (683, 2) (688, 5) (700, 2) (714, 5) (724, 8) (767, 4) (835, 9) (847, 2) (872, 4) (883, 8) (894, 4) (920, 1) (934, 6) (940, 8) (970, 0) (984, 8) (991, 2) (993, 5) (1002, 9) (1017, 9) (1019, 1) (1034, 9) (1053, 1) (1056, 9) (1070, 2) (1076, 0) (1080, 9) (1090, 8) (1103, 4) (1109, 5) (1119, 9) (1146, 1) (1184, 4) 
server num: 77
total cost: 333882
use time: 58.2516


case: ../../case_result/7/result1.txt
node_num: 1200
customer_num: 480
server level: 
(58, 1) (78, 7) (103, 2) (105, 9) (107, 9) (133, 9) (152, 0) (161, 1) (177, 9) (236, 4) (242, 7) (244, 5) (291, 0) (296, 9) (306, 5) (314, 5) (333, 9) (341, 1) (343, 2) (359, 9) (373, 8) (389, 5) (390, 2) (394, 4) (458, 3) (470, 9) (510, 4) (515, 9) (526, 9) (527, 2) (538, 9) (556, 9) (586, 4) (594, 5) (602, 1) (615, 1) (617, 4) (641, 9) (650, 5) (656, 4) (657, 5) (688, 5) (697, 9) (700, 3) (714, 6) (724, 9) (814, 1) (835, 9) (847, 3) (872, 5) (883, 9) (894, 5) (920, 2) (928, 5) (934, 7) (940, 8) (970, 1) (984, 9) (993, 6) (1002, 9) (1017, 9) (1019, 1) (1032, 9) (1070, 4) (1076, 0) (1080, 9) (1090, 9) (1103, 5) (1109, 9) (1119, 9) (1146, 2) (1184, 5) (1187, 9) 
server num: 73
total cost: 458488
use time: 49.0464


case: ../../case_result/7/result3.txt
node_num: 1200
customer_num: 480
server level: 
(49, 2) (55, 9) (78, 5) (105, 8) (107, 9) (112, 1) (152, 0) (161, 1) (177, 9) (225, 9) (236, 2) (242, 5) (274, 5) (291, 0) (296, 9) (306, 4) (314, 4) (341, 0) (343, 2) (359, 8) (373, 8) (389, 5) (390, 2) (394, 4) (411, 4) (436, 9) (458, 2) (468, 9) (470, 8) (498, 9) (510, 4) (515, 9) (526, 9) (527, 1) (538, 8) (556, 8) (575, 9) (594, 5) (597, 4) (602, 0) (615, 1) (617, 4) (641, 9) (650, 4) (656, 2) (657, 4) (683, 2) (688, 5) (700, 2) (714, 5) (724, 8) (767, 4) (835, 9) (847, 2) (872, 4) (883, 8) (894, 4) (934, 6) (940, 8) (970, 0) (984, 8) (993, 5) (1002, 9) (1017, 9) (1019, 1) (1034, 9) (1053, 1) (1056, 9) (1070, 2) (1076, 0) (1080, 9) (1090, 9) (1103, 4) (1109, 5) (1119, 9) (1146, 1) (1184, 4) 
server num: 77
total cost: 310836
use time: 56.6528


case: ../../case_result/7/result1.txt
node_num: 1200
customer_num: 480
server level: 
(56, 9) (58, 1) (78, 7) (103, 2) (105, 9) (107, 9) (133, 9) (152, 0) (161, 1) (174, 2) (177, 9) (236, 4) (242, 6) (244, 5) (291, 0) (296, 9) (306, 5) (314, 5) (333, 9) (341, 1) (343, 2) (359, 9) (373, 8) (389, 5) (390, 3) (394, 4) (416, 9) (458, 3) (470, 9) (510, 4) (515, 9) (526, 9) (527, 2) (538, 9) (556, 9) (586, 4) (594, 5) (640, 9) (641, 9) (650, 4) (656, 4) (657, 5) (683, 2) (688, 5) (700, 3) (714, 6) (724, 9) (835, 9) (847, 3) (872, 5) (883, 9) (894, 4) (920, 2) (928, 5) (934, 7) (940, 8) (967, 2) (970, 1) (984, 9) (991, 2) (993, 6) (1002, 9) (1017, 9) (1019, 2) (1070, 2) (1076, 1) (1080, 9) (1090, 9) (1103, 5) (1109, 9) (1146, 2) (1184, 5) (1187, 9) 
server num: 73
total cost: 460253
use time: 41.6605


case: ../../case_result/7/result1.txt
node_num: 1200
customer_num: 480
server level: 
(56, 9) (58, 1) (78, 7) (103, 2) (105, 9) (107, 9) (133, 9) (152, 0) (161, 1) (174, 2) (177, 9) (236, 4) (242, 6) (244, 5) (291, 0) (296, 9) (306, 5) (314, 5) (333, 9) (341, 1) (343, 2) (359, 9) (373, 8) (389, 5) (390, 2) (394, 4) (416, 9) (458, 3) (470, 9) (510, 4) (515, 9) (526, 9) (527, 2) (538, 9) (556, 9) (586, 4) (594, 5) (640, 9) (641, 9) (650, 4) (656, 4) (657, 5) (683, 2) (688, 5) (700, 3) (714, 6) (724, 9) (835, 9) (847, 3) (872, 5) (883, 9) (894, 4) (920, 2) (928, 5) (934, 7) (940, 8) (967, 2) (970, 1) (984, 9) (991, 2) (993, 6) (1002, 9) (1017, 9) (1019, 1) (1070, 4) (1076, 1) (1080, 9) (1090, 9) (1103, 5) (1109, 9) (1146, 2) (1184, 5) (1187, 9) 
server num: 73
total cost: 460000
use time: 56.2921


case: ../../case_result/5/result0.txt
node_num: 600
customer_num: 240
server level: 
(0, 4) (1, 3) (21, 1) (47, 4) (49, 2) (50, 4) (51, 4) (70, 4) (71, 4) (72, 4) (88, 3) (141, 4) (178, 3) (179, 4) (187, 4) (205, 4) (214, 3) (223, 4) (224, 4) (236, 3) (254, 4) (255, 4) (271, 1) (282, 4) (290, 1) (321, 4) (344, 4) (345, 2) (351, 4) (352, 3) (365, 2) (383, 4) (384, 2) (387, 4) (392, 3) (393, 4) (395, 3) (401, 2) (413, 1) (423, 2) (431, 4) (476, 4) (478, 4) (511, 4) (523, 4) (539, 3) (545, 4) (546, 4) (548, 4) (571, 1) (577, 4) (578, 4) (582, 3) (590, 4) 
server num: 54
total cost: 200458
use time: 32.4485


case: ../../case_result/5/result0.txt
node_num: 600
customer_num: 240
server level: 
(6, 3) (21, 1) (29, 4) (47, 4) (49, 2) (50, 4) (51, 4) (70, 4) (71, 4) (72, 4) (88, 2) (135, 3) (141, 3) (178, 3) (179, 4) (187, 4) (205, 4) (214, 3) (223, 4) (236, 3) (254, 3) (255, 4) (271, 1) (282, 4) (290, 1) (301, 4) (321, 4) (344, 3) (345, 2) (351, 4) (352, 3) (365, 2) (383, 4) (384, 2) (387, 4) (392, 3) (393, 4) (395, 3) (401, 2) (413, 1) (423, 2) (431, 4) (433, 3) (478, 3) (511, 4) (514, 4) (523, 4) (525, 2) (545, 4) (546, 3) (548, 3) (549, 4) (571, 1) (578, 4) (582, 3) (590, 4) 
server num: 56
total cost: 200597
use time: 30.2956


case: ../../case_result/5/result0.txt
node_num: 600
customer_num: 240
server level: 
(6, 3) (21, 1) (29, 4) (47, 4) (49, 2) (50, 4) (51, 4) (70, 4) (71, 4) (88, 3) (135, 4) (141, 4) (178, 3) (179, 4) (187, 4) (205, 4) (207, 4) (214, 3) (223, 4) (224, 4) (236, 3) (254, 4) (255, 4) (271, 1) (282, 4) (290, 1) (301, 4) (321, 4) (344, 3) (345, 2) (352, 3) (365, 2) (383, 4) (384, 2) (387, 4) (392, 3) (395, 4) (401, 2) (413, 1) (423, 2) (431, 4) (433, 4) (476, 4) (478, 4) (511, 4) (523, 4) (539, 3) (546, 4) (548, 4) (549, 4) (571, 1) (578, 4) (582, 3) (590, 4) 
server num: 54
total cost: 199906
use time: 39.5156


case: ../../case_result/5/result0.txt
node_num: 600
customer_num: 240
server level: 
(6, 3) (21, 2) (29, 4) (47, 4) (49, 1) (50, 4) (51, 4) (70, 4) (71, 4) (72, 4) (88, 3) (141, 4) (178, 3) (187, 4) (205, 4) (214, 3) (223, 4) (224, 4) (236, 3) (254, 4) (255, 4) (271, 1) (282, 4) (290, 1) (301, 4) (321, 4) (322, 4) (344, 3) (345, 2) (352, 3) (365, 2) (383, 4) (384, 2) (387, 4) (392, 4) (395, 3) (401, 2) (413, 1) (423, 2) (431, 4) (433, 4) (476, 4) (478, 4) (511, 4) (514, 4) (523, 4) (539, 3) (546, 4) (548, 4) (549, 4) (571, 1) (578, 4) (582, 3) (590, 4) 
server num: 54
total cost: 200041
use time: 36.3702


case: ../../case_result/5/result0.txt
node_num: 600
customer_num: 240
server level: 
(0, 5) (21, 2) (29, 5) (47, 4) (49, 2) (50, 4) (70, 5) (71, 6) (88, 3) (141, 4) (187, 4) (205, 4) (214, 3) (224, 5) (236, 3) (254, 4) (255, 5) (256, 4) (269, 2) (271, 1) (282, 4) (290, 1) (321, 4) (322, 5) (344, 4) (345, 2) (351, 5) (365, 2) (383, 4) (384, 2) (387, 4) (392, 4) (393, 4) (395, 4) (401, 2) (413, 2) (423, 2) (431, 4) (476, 4) (478, 4) (511, 4) (514, 4) (523, 4) (539, 3) (546, 4) (548, 4) (549, 4) (571, 1) (578, 5) (582, 4) (590, 4) 
server num: 51
total cost: 200062
use time: 39.68


case: ../../case_result/5/result0.txt
node_num: 600
customer_num: 240
server level: 
(6, 3) (21, 1) (29, 4) (47, 4) (49, 2) (50, 4) (70, 4) (71, 5) (72, 5) (88, 3) (119, 4) (141, 4) (187, 4) (205, 4) (214, 3) (223, 4) (224, 4) (236, 3) (254, 4) (255, 4) (269, 2) (271, 1) (282, 4) (290, 1) (301, 4) (321, 4) (322, 5) (324, 4) (344, 3) (345, 2) (350, 4) (352, 3) (365, 2) (383, 4) (384, 2) (387, 4) (392, 3) (393, 4) (401, 2) (413, 1) (423, 2) (431, 4) (433, 4) (476, 4) (478, 4) (511, 4) (523, 4) (525, 2) (546, 4) (548, 4) (549, 3) (571, 1) (578, 4) (590, 3) 
server num: 54
total cost: 200310
use time: 39.6797


case: ../../case_result/5/result0.txt
node_num: 600
customer_num: 240
server level: 
(0, 5) (21, 2) (29, 5) (47, 4) (49, 2) (50, 4) (70, 5) (71, 6) (88, 3) (141, 4) (187, 4) (205, 4) (214, 3) (224, 5) (236, 3) (254, 4) (255, 5) (256, 4) (269, 2) (271, 1) (282, 4) (290, 1) (321, 4) (322, 5) (344, 4) (345, 2) (351, 5) (365, 2) (383, 4) (384, 2) (387, 4) (392, 4) (393, 4) (395, 4) (401, 2) (413, 2) (423, 2) (431, 4) (476, 4) (478, 4) (511, 4) (514, 4) (523, 4) (539, 3) (546, 4) (548, 4) (549, 4) (571, 1) (578, 5) (582, 4) (590, 4) 
server num: 51
total cost: 200062
use time: 39.4873


case: ../../case_result/5/result0.txt
node_num: 600
customer_num: 240
server level: 
(0, 4) (21, 2) (29, 4) (47, 4) (50, 4) (60, 5) (70, 4) (71, 5) (72, 4) (88, 3) (141, 4) (178, 3) (179, 4) (187, 4) (205, 4) (214, 3) (223, 4) (224, 4) (236, 3) (249, 2) (254, 4) (255, 5) (269, 2) (271, 1) (290, 1) (321, 4) (344, 4) (345, 2) (351, 4) (352, 3) (365, 2) (383, 4) (384, 2) (387, 4) (392, 4) (393, 4) (395, 4) (401, 2) (413, 1) (423, 2) (431, 4) (476, 4) (478, 4) (511, 4) (523, 4) (539, 3) (546, 4) (548, 4) (549, 4) (571, 1) (578, 4) (582, 3) (590, 4) 
server num: 53
total cost: 199864
use time: 40.8997


case: ../../case_result/5/result0.txt
node_num: 600
customer_num: 240
server level: 
(0, 4) (21, 2) (29, 4) (47, 4) (50, 4) (60, 5) (70, 4) (71, 4) (72, 4) (88, 3) (141, 4) (178, 4) (179, 4) (187, 4) (205, 4) (214, 3) (223, 4) (224, 4) (236, 3) (249, 2) (254, 4) (255, 5) (269, 2) (271, 1) (290, 1) (321, 4) (344, 4) (345, 2) (351, 4) (352, 3) (365, 2) (383, 4) (384, 2) (387, 4) (392, 4) (393, 4) (395, 4) (401, 2) (413, 1) (423, 2) (431, 4) (476, 4) (478, 4) (511, 4) (523, 4) (539, 3) (546, 4) (548, 4) (549, 4) (571, 1) (578, 4) (582, 3) (590, 4) 
server num: 53
total cost: 199854
use time: 50.1416


case: ../../case_result/5/result1.txt
node_num: 600
customer_num: 240
server level: 
(4, 5) (35, 4) (60, 4) (61, 4) (62, 4) (90, 4) (113, 3) (152, 3) (162, 4) (166, 5) (186, 5) (192, 1) (195, 4) (241, 4) (257, 3) (260, 4) (286, 5) (289, 4) (306, 5) (317, 4) (337, 4) (343, 3) (346, 4) (355, 4) (357, 4) (358, 3) (376, 4) (380, 3) (396, 3) (398, 3) (399, 3) (412, 4) (425, 2) (442, 4) (455, 3) (487, 4) (495, 4) (505, 4) (509, 5) (512, 4) (549, 4) (552, 4) (570, 4) (572, 3) (574, 3) (579, 4) (595, 0) 
server num: 47
total cost: 178567
use time: 36.5517


case: ../../case_result/5/result1.txt
node_num: 600
customer_num: 240
server level: 
(3, 3) (4, 4) (31, 4) (35, 4) (60, 4) (90, 4) (113, 3) (152, 4) (162, 4) (166, 5) (186, 5) (195, 4) (239, 3) (241, 3) (257, 3) (260, 4) (286, 4) (289, 4) (293, 4) (306, 4) (317, 4) (337, 4) (343, 3) (346, 4) (355, 4) (357, 4) (358, 3) (376, 4) (396, 4) (398, 3) (412, 4) (440, 4) (442, 4) (455, 3) (487, 4) (488, 4) (495, 4) (505, 3) (509, 4) (512, 4) (549, 4) (552, 3) (570, 4) (572, 3) (574, 3) (579, 4) (595, 0) 
server num: 47
total cost: 177316
use time: 38.7853


case: ../../case_result/5/result1.txt
node_num: 600
customer_num: 240
server level: 
(4, 5) (31, 5) (35, 4) (60, 4) (62, 4) (90, 4) (113, 3) (133, 4) (145, 2) (152, 3) (161, 4) (162, 4) (166, 5) (186, 4) (195, 4) (211, 3) (239, 3) (241, 4) (257, 3) (260, 4) (286, 5) (289, 4) (293, 4) (306, 4) (317, 4) (337, 4) (343, 3) (346, 4) (355, 4) (357, 4) (358, 3) (376, 4) (396, 3) (398, 3) (412, 4) (442, 4) (488, 4) (495, 4) (505, 3) (509, 4) (512, 4) (549, 4) (552, 3) (570, 4) (572, 3) (574, 3) (595, 0) 
server num: 47
total cost: 177169
use time: 51.6441


case: ../../case_result/5/result1.txt
node_num: 600
customer_num: 240
server level: 
(4, 4) (31, 4) (35, 4) (60, 4) (62, 4) (90, 4) (113, 3) (133, 4) (145, 2) (152, 3) (162, 4) (166, 5) (186, 4) (195, 4) (211, 3) (239, 3) (241, 4) (257, 3) (260, 4) (286, 4) (289, 4) (293, 4) (306, 4) (317, 4) (337, 4) (343, 3) (346, 4) (355, 4) (357, 4) (358, 3) (376, 4) (396, 4) (398, 3) (412, 4) (442, 4) (487, 4) (488, 4) (495, 4) (505, 4) (509, 4) (512, 4) (549, 4) (552, 4) (570, 4) (572, 3) (574, 3) (595, 0) 
server num: 47
total cost: 177036
use time: 88.0196


