case: 5--0
node_num: 600
customer_num: 240
server level: 
(0, 4) (21, 2) (29, 4) (47, 4) (49, 2) (50, 4) (70, 4) (71, 4) (72, 4) (88, 3) (141, 4) (178, 4) (187, 4) (205, 4) (214, 3) (223, 4) (224, 4) (236, 3) (254, 4) (255, 4) (271, 1) (282, 4) (290, 1) (301, 4) (321, 4) (322, 4) (335, 0) (344, 4) (345, 2) (351, 4) (365, 2) (383, 4) (384, 2) (387, 4) (392, 4) (393, 4) (395, 4) (401, 2) (413, 1) (423, 2) (431, 4) (476, 4) (478, 4) (511, 4) (523, 4) (539, 3) (545, 4) (546, 4) (548, 4) (577, 4) (578, 4) (582, 4) (590, 4) 
total cost: 199605
use time: 19.8438


case: 5--1
node_num: 600
customer_num: 240
server level: 
(4, 4) (31, 4) (35, 4) (60, 4) (90, 4) (113, 3) (145, 1) (152, 4) (162, 4) (186, 4) (195, 4) (236, 4) (238, 4) (239, 3) (241, 4) (257, 3) (260, 4) (286, 4) (289, 4) (293, 4) (306, 4) (317, 4) (337, 4) (346, 4) (355, 4) (357, 4) (358, 4) (376, 4) (396, 4) (398, 4) (412, 4) (442, 4) (455, 4) (487, 4) (495, 4) (503, 4) (505, 4) (509, 4) (512, 4) (549, 4) (552, 4) (570, 4) (572, 4) (574, 4) (579, 4) (595, 0) 
total cost: 177479
use time: 18.2734


case: 5--2
node_num: 600
customer_num: 240
server level: 
(18, 3) (38, 4) (42, 4) (48, 4) (68, 4) (80, 2) (81, 3) (95, 4) (97, 4) (99, 0) (103, 4) (110, 4) (111, 4) (112, 4) (136, 4) (144, 3) (155, 4) (156, 4) (158, 4) (188, 1) (190, 4) (200, 4) (235, 4) (241, 4) (256, 4) (272, 4) (273, 4) (275, 4) (277, 4) (310, 4) (314, 4) (323, 3) (325, 4) (349, 4) (385, 4) (389, 4) (414, 4) (420, 1) (426, 4) (430, 4) (456, 4) (474, 4) (480, 4) (490, 4) (492, 3) (522, 4) (556, 4) (560, 4) (573, 2) (577, 4) (579, 4) (590, 4) (596, 1) 
total cost: 201844
use time: 23.7914


case: 5--3
node_num: 600
customer_num: 240
server level: 
(0, 4) (3, 4) (6, 4) (9, 1) (65, 4) (71, 4) (86, 3) (119, 4) (141, 3) (161, 4) (162, 3) (171, 4) (172, 4) (209, 4) (225, 4) (245, 4) (249, 4) (255, 3) (273, 4) (275, 4) (279, 4) (284, 3) (293, 4) (326, 4) (329, 4) (331, 2) (356, 4) (358, 4) (361, 4) (400, 4) (404, 4) (415, 4) (432, 4) (433, 4) (434, 4) (441, 2) (450, 4) (453, 4) (457, 4) (459, 4) (472, 4) (502, 4) (515, 4) (517, 4) (530, 4) (542, 4) (545, 4) (551, 2) (553, 4) (591, 4) 
total cost: 193577
use time: 20.5449


case: 5--4
node_num: 600
customer_num: 240
server level: 
(0, 4) (35, 4) (50, 4) (59, 2) (64, 4) (66, 4) (81, 4) (87, 4) (100, 4) (101, 4) (102, 4) (132, 4) (133, 4) (149, 4) (178, 4) (190, 3) (209, 4) (228, 4) (241, 4) (242, 4) (257, 4) (263, 4) (271, 4) (275, 4) (276, 4) (282, 4) (291, 4) (300, 4) (304, 4) (308, 4) (318, 4) (320, 4) (321, 4) (324, 4) (351, 4) (365, 4) (369, 4) (382, 1) (392, 4) (395, 4) (396, 4) (430, 4) (480, 4) (483, 4) (485, 4) (488, 3) (515, 4) (516, 4) (529, 0) (536, 3) (545, 4) (555, 4) (561, 4) (596, 2) 
total cost: 210933
use time: 20.5253


case: 5--5
node_num: 600
customer_num: 240
server level: 
(0, 4) (6, 4) (8, 4) (30, 4) (34, 4) (39, 4) (56, 4) (67, 3) (70, 4) (71, 4) (91, 4) (97, 3) (100, 4) (104, 4) (108, 1) (116, 0) (150, 2) (156, 4) (182, 4) (192, 4) (203, 4) (228, 3) (245, 4) (269, 3) (280, 4) (291, 4) (294, 2) (311, 4) (320, 4) (342, 3) (350, 4) (364, 4) (386, 3) (406, 4) (407, 4) (427, 4) (428, 4) (434, 4) (441, 4) (452, 2) (455, 4) (461, 3) (462, 2) (473, 1) (475, 4) (476, 4) (487, 3) (491, 3) (521, 4) (543, 4) (548, 3) (561, 4) (576, 4) 
total cost: 198350
use time: 21.6063


case: 5--6
node_num: 600
customer_num: 240
server level: 
(0, 4) (10, 2) (22, 4) (29, 3) (41, 4) (42, 4) (59, 1) (84, 4) (87, 4) (91, 4) (104, 4) (136, 4) (159, 3) (166, 4) (183, 3) (190, 4) (193, 4) (211, 4) (216, 4) (218, 4) (234, 4) (245, 4) (248, 4) (255, 4) (257, 4) (258, 4) (265, 4) (267, 4) (280, 4) (283, 4) (296, 3) (303, 4) (321, 4) (334, 4) (346, 4) (378, 4) (400, 4) (415, 4) (418, 1) (427, 4) (439, 4) (444, 4) (447, 4) (456, 4) (475, 4) (490, 4) (491, 4) (501, 4) (525, 4) (526, 4) (527, 4) (540, 4) (559, 3) (577, 4) 
total cost: 210683
use time: 24.2794


case: 5--7
node_num: 600
customer_num: 240
server level: 
(16, 4) (47, 3) (50, 4) (53, 4) (64, 4) (75, 4) (99, 3) (103, 4) (111, 4) (124, 4) (152, 4) (173, 4) (179, 4) (180, 4) (194, 2) (205, 4) (235, 4) (253, 4) (254, 4) (261, 2) (265, 4) (280, 4) (283, 4) (302, 4) (303, 0) (304, 3) (305, 4) (308, 4) (321, 1) (324, 2) (325, 4) (340, 4) (346, 4) (347, 4) (348, 4) (370, 4) (371, 4) (373, 4) (393, 4) (404, 3) (406, 2) (426, 4) (470, 4) (472, 4) (482, 4) (514, 3) (521, 4) (526, 4) (537, 4) (547, 4) (548, 4) (572, 1) (575, 4) (599, 4) 
total cost: 205273
use time: 20.4932


case: 5--8
node_num: 600
customer_num: 240
server level: 
(1, 4) (2, 4) (17, 4) (22, 4) (31, 3) (38, 4) (51, 4) (52, 3) (86, 1) (94, 4) (95, 3) (97, 4) (113, 3) (126, 4) (128, 4) (160, 4) (166, 4) (170, 4) (205, 3) (208, 4) (215, 4) (234, 4) (263, 4) (285, 4) (290, 4) (298, 4) (322, 4) (337, 4) (340, 4) (351, 4) (353, 2) (365, 4) (370, 4) (389, 4) (396, 4) (427, 4) (428, 4) (455, 4) (456, 4) (487, 4) (488, 4) (505, 4) (514, 4) (540, 3) (542, 4) (556, 4) (560, 3) (567, 1) 
total cost: 182866
use time: 21.6753


case: 5--9
node_num: 600
customer_num: 240
server level: 
(0, 4) (2, 4) (3, 4) (28, 4) (37, 4) (51, 2) (54, 4) (60, 4) (62, 4) (81, 4) (101, 3) (109, 4) (110, 3) (120, 4) (135, 4) (136, 4) (148, 1) (150, 4) (166, 4) (180, 4) (189, 4) (194, 3) (196, 3) (200, 4) (220, 4) (221, 4) (244, 4) (254, 4) (258, 3) (305, 0) (306, 2) (332, 4) (353, 2) (360, 4) (368, 3) (376, 4) (394, 0) (405, 4) (406, 3) (407, 4) (430, 4) (432, 4) (436, 4) (450, 4) (455, 4) (459, 4) (480, 3) (485, 4) (524, 4) (526, 4) (535, 2) (555, 4) (557, 4) (558, 4) (581, 4) (583, 4) 
total cost: 211424
use time: 20.2711


case: 6--0
node_num: 1200
customer_num: 480
server level: 
(49, 2) (65, 2) (72, 4) (78, 4) (105, 4) (112, 1) (152, 0) (158, 1) (161, 2) (174, 2) (177, 4) (236, 2) (242, 4) (274, 4) (290, 2) (296, 4) (306, 4) (314, 3) (333, 4) (343, 2) (359, 4) (373, 4) (389, 4) (390, 2) (394, 3) (411, 4) (416, 4) (418, 4) (436, 2) (445, 4) (458, 2) (467, 4) (468, 4) (470, 4) (510, 4) (515, 4) (526, 4) (527, 2) (537, 4) (538, 4) (556, 4) (575, 4) (577, 4) (579, 4) (582, 4) (597, 4) (617, 3) (620, 4) (641, 4) (650, 3) (656, 3) (657, 3) (669, 4) (683, 2) (688, 4) (697, 4) (700, 2) (714, 4) (724, 4) (751, 4) (767, 4) (770, 4) (771, 4) (782, 4) (803, 4) (804, 4) (805, 4) (832, 3) (835, 4) (847, 3) (871, 4) (872, 4) (882, 4) (883, 4) (884, 4) (894, 3) (912, 4) (934, 4) (940, 4) (950, 4) (952, 4) (955, 4) (956, 4) (961, 3) (970, 1) (984, 4) (991, 2) (993, 4) (995, 4) (1002, 4) (1017, 4) (1019, 1) (1032, 4) (1053, 1) (1055, 4) (1056, 4) (1070, 2) (1076, 0) (1080, 4) (1090, 4) (1093, 4) (1103, 3) (1109, 4) (1110, 2) (1119, 4) (1184, 3) (1185, 4) (1187, 4) 
total cost: 393074
use time: 43.1396


case: 6--1
node_num: 1200
customer_num: 480
server level: 
(0, 4) (9, 0) (10, 4) (17, 4) (19, 4) (29, 3) (49, 4) (52, 4) (76, 4) (96, 1) (103, 3) (153, 4) (158, 4) (165, 4) (178, 4) (191, 3) (197, 4) (198, 4) (206, 4) (228, 3) (243, 3) (257, 4) (263, 4) (286, 4) (312, 3) (331, 3) (336, 4) (358, 3) (370, 4) (381, 4) (399, 4) (407, 4) (415, 3) (433, 4) (437, 2) (479, 2) (486, 4) (520, 4) (522, 4) (525, 4) (567, 4) (581, 3) (590, 4) (602, 4) (603, 4) (625, 4) (626, 4) (645, 4) (646, 4) (661, 4) (680, 4) (681, 4) (710, 4) (741, 4) (759, 4) (771, 4) (776, 2) (814, 4) (820, 3) (851, 4) (856, 4) (867, 4) (871, 4) (887, 2) (898, 4) (911, 4) (925, 4) (926, 4) (928, 4) (931, 4) (933, 4) (941, 1) (947, 2) (972, 4) (986, 4) (987, 4) (998, 4) (1030, 4) (1043, 4) (1055, 4) (1063, 4) (1065, 4) (1070, 4) (1075, 4) (1089, 4) (1094, 4) (1097, 4) (1115, 4) (1117, 4) (1141, 4) (1142, 4) (1144, 4) (1159, 2) (1174, 4) (1175, 4) (1197, 4) 
total cost: 366877
use time: 44.359


case: 6--2
node_num: 1200
customer_num: 480
server level: 
(7, 4) (11, 3) (44, 3) (45, 4) (55, 4) (59, 4) (102, 4) (149, 1) (210, 4) (228, 2) (237, 4) (239, 4) (244, 4) (267, 4) (279, 2) (284, 3) (290, 3) (301, 4) (303, 4) (316, 3) (329, 4) (381, 3) (390, 3) (434, 4) (436, 4) (449, 4) (451, 4) (462, 4) (466, 4) (470, 4) (490, 4) (507, 3) (523, 0) (538, 4) (544, 4) (546, 3) (562, 4) (583, 4) (586, 4) (606, 3) (607, 4) (621, 4) (625, 4) (637, 1) (639, 1) (650, 4) (655, 4) (660, 4) (665, 4) (667, 4) (680, 4) (682, 4) (712, 4) (723, 1) (725, 4) (727, 4) (755, 4) (759, 4) (765, 4) (770, 4) (775, 4) (782, 4) (785, 4) (790, 2) (805, 4) (807, 4) (817, 1) (853, 4) (870, 4) (871, 4) (872, 4) (874, 4) (875, 4) (900, 4) (932, 4) (945, 4) (954, 4) (957, 2) (973, 1) (975, 4) (978, 4) (998, 3) (1001, 4) (1002, 4) (1030, 4) (1036, 4) (1037, 4) (1039, 4) (1061, 4) (1063, 4) (1086, 4) (1088, 4) (1089, 4) (1092, 3) (1112, 4) (1114, 4) (1116, 4) (1124, 4) (1138, 3) (1140, 4) (1149, 4) (1156, 4) (1159, 4) (1162, 4) (1163, 4) 
total cost: 399728
use time: 45.0092


case: 6--3
node_num: 1200
customer_num: 480
server level: 
(1, 4) (5, 4) (20, 4) (25, 4) (35, 3) (51, 4) (62, 4) (64, 3) (65, 3) (87, 4) (106, 4) (134, 4) (136, 4) (149, 3) (169, 2) (205, 2) (226, 4) (231, 4) (233, 4) (275, 4) (295, 4) (315, 4) (361, 4) (377, 4) (391, 4) (393, 4) (394, 4) (416, 4) (419, 4) (422, 2) (423, 3) (464, 3) (465, 4) (482, 4) (485, 4) (487, 4) (525, 4) (529, 4) (551, 4) (611, 4) (612, 4) (613, 4) (618, 3) (632, 4) (647, 4) (651, 4) (654, 4) (678, 4) (698, 4) (706, 4) (717, 4) (730, 4) (733, 4) (743, 1) (753, 3) (754, 4) (755, 4) (756, 3) (765, 4) (766, 4) (775, 4) (795, 4) (797, 4) (814, 4) (825, 4) (830, 4) (832, 4) (833, 4) (861, 4) (862, 4) (876, 4) (877, 4) (881, 4) (895, 3) (920, 4) (922, 4) (925, 4) (953, 3) (956, 1) (960, 4) (979, 3) (995, 4) (996, 4) (997, 4) (1017, 4) (1019, 4) (1021, 4) (1049, 4) (1051, 3) (1055, 4) (1068, 4) (1088, 4) (1090, 4) (1105, 4) (1107, 4) (1108, 4) (1120, 4) (1141, 4) (1146, 4) (1148, 4) (1151, 3) (1165, 4) (1168, 4) (1186, 4) 
total cost: 403323
use time: 48.0605


case: 6--4
node_num: 1200
customer_num: 480
server level: 
(6, 4) (27, 1) (81, 4) (114, 3) (116, 4) (122, 3) (131, 2) (143, 4) (144, 4) (148, 4) (190, 4) (194, 4) (197, 4) (204, 4) (217, 4) (232, 4) (241, 1) (250, 4) (268, 4) (280, 4) (306, 4) (342, 4) (377, 4) (401, 4) (428, 4) (430, 4) (432, 4) (457, 4) (459, 4) (504, 4) (505, 4) (532, 4) (533, 4) (551, 4) (554, 2) (557, 1) (568, 0) (574, 4) (583, 2) (590, 4) (594, 4) (595, 4) (602, 4) (620, 4) (621, 4) (635, 4) (640, 4) (651, 1) (655, 4) (658, 4) (661, 4) (664, 4) (681, 4) (685, 4) (690, 4) (696, 4) (700, 3) (704, 3) (715, 4) (725, 4) (726, 4) (729, 4) (759, 4) (775, 3) (776, 1) (785, 4) (788, 0) (797, 4) (807, 3) (808, 4) (812, 4) (813, 4) (825, 3) (836, 4) (866, 4) (875, 4) (881, 4) (912, 4) (936, 4) (965, 4) (972, 4) (979, 3) (989, 2) (995, 4) (996, 4) (999, 4) (1025, 4) (1027, 4) (1030, 4) (1039, 4) (1070, 4) (1071, 4) (1073, 4) (1084, 1) (1100, 4) (1102, 4) (1112, 1) (1117, 3) (1121, 4) (1122, 4) (1131, 4) (1132, 4) (1157, 4) (1163, 4) (1181, 3) 
total cost: 399924
use time: 44.3865


case: 6--5
node_num: 1200
customer_num: 480
server level: 
(3, 3) (13, 2) (20, 4) (28, 3) (37, 4) (42, 4) (87, 4) (94, 4) (113, 4) (144, 4) (191, 4) (224, 2) (233, 4) (252, 4) (258, 4) (276, 4) (285, 4) (289, 4) (294, 4) (320, 4) (359, 4) (392, 4) (426, 4) (434, 4) (439, 3) (446, 4) (463, 3) (472, 2) (481, 4) (486, 4) (492, 3) (497, 3) (519, 4) (521, 4) (539, 1) (551, 4) (569, 4) (596, 0) (599, 4) (601, 4) (615, 4) (631, 4) (655, 2) (661, 4) (695, 1) (707, 4) (709, 4) (725, 3) (734, 4) (746, 1) (754, 4) (761, 4) (762, 4) (768, 4) (780, 4) (783, 4) (816, 4) (821, 4) (822, 4) (840, 4) (846, 4) (847, 4) (868, 3) (901, 3) (905, 4) (924, 1) (926, 4) (927, 4) (942, 4) (946, 4) (947, 2) (951, 2) (953, 3) (966, 4) (975, 4) (980, 4) (985, 4) (991, 4) (992, 4) (1015, 4) (1021, 4) (1024, 4) (1026, 4) (1029, 4) (1056, 4) (1064, 4) (1079, 4) (1080, 4) (1082, 4) (1105, 4) (1106, 4) (1107, 4) (1125, 4) (1130, 4) (1135, 4) (1145, 4) (1147, 4) (1151, 0) (1160, 1) (1165, 4) (1175, 4) (1179, 4) (1181, 3) 
total cost: 384569
use time: 42.1229


case: 6--6
node_num: 1200
customer_num: 480
server level: 
(40, 4) (63, 4) (87, 1) (98, 2) (105, 4) (117, 2) (137, 3) (153, 4) (183, 4) (204, 3) (232, 4) (233, 2) (238, 4) (240, 2) (271, 4) (291, 4) (299, 3) (302, 4) (333, 3) (335, 4) (337, 4) (374, 3) (394, 2) (402, 4) (424, 1) (444, 3) (455, 4) (460, 4) (471, 4) (472, 4) (479, 3) (485, 4) (486, 3) (488, 3) (499, 4) (521, 0) (525, 4) (537, 4) (547, 3) (570, 4) (571, 4) (575, 4) (576, 4) (578, 4) (583, 1) (614, 3) (617, 1) (619, 3) (636, 4) (638, 3) (642, 3) (645, 4) (662, 1) (669, 4) (688, 3) (690, 4) (705, 3) (715, 4) (726, 4) (747, 4) (760, 3) (775, 4) (780, 4) (796, 2) (802, 4) (804, 4) (818, 4) (826, 3) (835, 4) (863, 4) (890, 3) (899, 4) (901, 2) (906, 4) (912, 4) (921, 4) (936, 4) (937, 4) (950, 4) (967, 4) (970, 4) (976, 4) (990, 4) (1003, 2) (1018, 2) (1027, 4) (1050, 4) (1051, 4) (1065, 4) (1087, 4) (1100, 3) (1109, 4) (1110, 1) (1120, 3) (1138, 2) (1141, 4) (1162, 4) (1163, 4) (1164, 3) (1169, 3) (1170, 4) 
total cost: 370746
use time: 49.6797


case: 6--7
node_num: 1200
customer_num: 480
server level: 
(0, 4) (30, 4) (45, 3) (56, 3) (86, 4) (106, 4) (120, 4) (123, 4) (178, 3) (180, 4) (190, 2) (195, 4) (221, 3) (227, 4) (247, 2) (273, 4) (277, 3) (288, 4) (289, 4) (296, 4) (305, 4) (334, 4) (349, 4) (351, 3) (378, 4) (383, 4) (396, 4) (398, 4) (402, 4) (437, 4) (440, 4) (443, 4) (475, 4) (482, 4) (486, 4) (521, 4) (539, 4) (555, 4) (566, 4) (595, 4) (600, 4) (624, 4) (631, 4) (636, 4) (639, 4) (648, 4) (682, 4) (714, 4) (720, 4) (751, 4) (758, 3) (790, 2) (816, 4) (819, 4) (833, 2) (840, 4) (860, 4) (861, 4) (873, 4) (890, 4) (892, 4) (893, 4) (931, 4) (940, 4) (946, 4) (951, 4) (952, 4) (953, 4) (957, 4) (964, 2) (974, 4) (988, 4) (999, 3) (1007, 4) (1008, 4) (1030, 4) (1031, 4) (1032, 4) (1045, 4) (1052, 4) (1055, 4) (1063, 4) (1066, 4) (1067, 4) (1074, 4) (1083, 4) (1105, 4) (1106, 3) (1120, 4) (1127, 4) (1137, 4) (1139, 4) (1143, 3) (1167, 4) (1168, 4) (1170, 4) (1198, 3) 
total cost: 372090
use time: 41.9337


case: 6--8
node_num: 1200
customer_num: 480
server level: 
(1, 4) (37, 1) (50, 1) (80, 4) (89, 3) (94, 4) (109, 2) (153, 2) (155, 4) (176, 4) (199, 3) (212, 4) (246, 4) (248, 4) (270, 4) (291, 4) (295, 4) (324, 2) (340, 4) (341, 4) (349, 3) (361, 4) (364, 4) (377, 3) (379, 3) (388, 2) (394, 3) (397, 3) (398, 4) (400, 3) (421, 4) (453, 0) (457, 4) (459, 0) (470, 3) (479, 1) (484, 1) (493, 4) (495, 4) (503, 2) (510, 4) (522, 4) (524, 4) (543, 4) (544, 3) (565, 4) (572, 2) (582, 4) (583, 3) (595, 4) (608, 4) (633, 2) (655, 4) (671, 4) (684, 3) (691, 3) (695, 4) (717, 4) (725, 3) (746, 2) (770, 4) (773, 4) (787, 4) (799, 1) (802, 4) (827, 4) (834, 2) (845, 4) (846, 4) (855, 4) (857, 4) (858, 4) (859, 4) (876, 3) (891, 4) (900, 4) (903, 4) (905, 4) (915, 1) (952, 3) (960, 4) (961, 4) (962, 4) (977, 4) (995, 4) (996, 4) (1025, 4) (1030, 4) (1031, 4) (1042, 4) (1043, 4) (1045, 4) (1047, 4) (1080, 4) (1091, 4) (1093, 4) (1094, 4) (1115, 4) (1116, 4) (1119, 4) (1141, 4) (1142, 4) (1161, 4) (1163, 4) (1179, 4) 
total cost: 389697
use time: 46.9579


case: 6--9
node_num: 1200
customer_num: 480
server level: 
(5, 1) (6, 3) (24, 2) (61, 4) (65, 4) (84, 3) (90, 3) (118, 3) (130, 4) (155, 4) (196, 4) (205, 4) (216, 4) (217, 4) (228, 1) (256, 4) (270, 3) (287, 4) (306, 1) (366, 4) (367, 4) (380, 4) (383, 4) (423, 1) (459, 3) (465, 2) (470, 4) (472, 3) (481, 4) (507, 4) (511, 4) (531, 4) (548, 4) (559, 1) (563, 4) (564, 4) (578, 3) (589, 4) (596, 2) (606, 4) (635, 4) (651, 4) (654, 4) (656, 4) (673, 2) (674, 3) (685, 4) (687, 4) (713, 4) (714, 4) (739, 4) (751, 4) (752, 3) (762, 4) (763, 4) (782, 3) (785, 4) (786, 4) (787, 4) (798, 1) (801, 4) (818, 4) (819, 4) (845, 3) (851, 3) (853, 4) (856, 0) (880, 4) (881, 4) (883, 4) (890, 4) (900, 4) (901, 4) (918, 4) (925, 4) (926, 4) (927, 4) (942, 4) (967, 3) (974, 4) (975, 4) (976, 4) (979, 1) (994, 2) (1015, 4) (1050, 4) (1053, 4) (1070, 4) (1072, 4) (1075, 4) (1082, 4) (1103, 4) (1104, 4) (1128, 3) (1130, 4) (1132, 4) (1136, 1) (1143, 2) (1155, 4) (1156, 4) (1158, 4) (1179, 4) (1190, 3) (1193, 4) 
total cost: 382569
use time: 48.4783


