复赛第三批高级最优解

注: 括号里两个数字的含义分别是: (部署服务器的网络节点, 服务器档次)

case 0: 387127
(0, 4) (45, 5) (55, 5) (56, 4) (60, 4) (78, 5) (105, 4) (107, 5) (133, 4) (134, 5) (142, 4) (152, 0) (161, 1) (177, 4) (236, 3) (242, 3) (245, 4) (274, 4) (278, 5) (290, 2) (291, 0) (296, 4) (314, 3) (333, 4) (343, 2) (359, 4) (373, 4) (389, 4) (390, 2) (394, 3) (409, 4) (411, 4) (416, 4) (445, 5) (458, 2) (460, 3) (467, 4) (470, 4) (495, 5) (497, 5) (515, 4) (518, 1) (526, 4) (527, 1) (538, 4) (556, 4) (557, 5) (570, 5) (577, 4) (582, 4) (586, 3) (597, 4) (615, 1) (617, 3) (625, 5) (640, 4) (641, 4) (650, 4) (656, 3) (657, 3) (666, 4) (669, 4) (683, 2) (688, 4) (697, 4) (700, 3) (714, 4) (724, 4) (751, 4) (767, 4) (804, 4) (835, 5) (847, 3) (872, 4) (883, 4) (894, 4) (920, 1) (934, 4) (940, 4) (952, 5) (970, 0) (984, 5) (991, 2) (993, 4) (1002, 4) (1017, 4) (1019, 1) (1029, 1) (1031, 4) (1032, 4) (1034, 5) (1053, 1) (1056, 4) (1070, 2) (1076, 0) (1080, 5) (1090, 4) (1103, 3) (1109, 5) (1110, 3) (1118, 4) (1119, 5) (1184, 3) (1187, 4)

case 1: 362246 (下界: 362185, gap: 0.02%)
(0, 5) (9, 0) (10, 5) (17, 4) (19, 4) (29, 3) (49, 4) (52, 4) (64, 3) (75, 4) (76, 5) (78, 4) (81, 3) (96, 1) (103, 3) (106, 4) (111, 4) (150, 5) (153, 4) (158, 4) (165, 4) (167, 3) (178, 4) (195, 4) (197, 4) (198, 4) (206, 3) (228, 3) (243, 3) (257, 4) (258, 4) (259, 5) (263, 5) (286, 4) (312, 3) (315, 5) (331, 3) (336, 3) (358, 3) (370, 5) (381, 4) (395, 5) (407, 4) (415, 3) (430, 5) (433, 4) (437, 2) (485, 4) (522, 3) (565, 5) (567, 5) (581, 3) (600, 5) (645, 5) (647, 5) (661, 4) (662, 5) (680, 4) (681, 4) (682, 5) (759, 4) (776, 3) (812, 4) (814, 4) (820, 3) (851, 4) (867, 4) (887, 2) (896, 3) (898, 4) (907, 2) (911, 4) (925, 4) (931, 4) (932, 4) (933, 4) (941, 0) (947, 2) (986, 4) (987, 4) (1025, 5) (1030, 5) (1043, 4) (1056, 5) (1075, 4) (1089, 4) (1094, 5) (1097, 3) (1142, 4) (1159, 2) (1174, 3) (1175, 4) (1177, 5)

case 2: 395477
(7, 4) (10, 5) (11, 3) (18, 3) (44, 3) (45, 4) (47, 4) (50, 4) (55, 4) (59, 4) (76, 5) (102, 4) (118, 4) (140, 5) (149, 2) (160, 5) (164, 4) (210, 5) (228, 2) (237, 4) (239, 4) (244, 3) (260, 4) (264, 4) (267, 4) (290, 3) (301, 5) (303, 4) (316, 3) (329, 4) (381, 3) (390, 3) (434, 4) (436, 4) (449, 4) (451, 4) (466, 4) (470, 4) (490, 5) (507, 4) (523, 0) (535, 5) (538, 4) (539, 4) (562, 5) (583, 4) (585, 5) (586, 4) (589, 3) (595, 5) (606, 3) (607, 3) (617, 3) (621, 4) (625, 4) (637, 1) (639, 1) (650, 4) (655, 5) (665, 4) (680, 4) (682, 5) (697, 4) (712, 4) (723, 1) (727, 4) (759, 4) (761, 4) (765, 4) (775, 5) (785, 4) (790, 3) (805, 4) (809, 4) (817, 2) (824, 3) (853, 4) (870, 4) (872, 4) (875, 4) (900, 4) (923, 2) (932, 5) (954, 5) (957, 2) (973, 1) (975, 4) (978, 4) (998, 3) (1001, 4) (1002, 4) (1007, 3) (1037, 4) (1089, 4) (1092, 3) (1116, 4) (1124, 4) (1138, 3) (1140, 4) (1149, 4) (1162, 4) (1163, 4)

case 3: 398286 (下界: 398225, gap: 0.02%)
(1, 4) (5, 5) (20, 5) (25, 4) (29, 4) (30, 4) (35, 3) (51, 4) (61, 5) (62, 4) (65, 2) (85, 5) (87, 3) (134, 4) (146, 4) (147, 5) (149, 3) (169, 2) (175, 4) (177, 4) (201, 4) (205, 2) (226, 5) (227, 5) (233, 4) (262, 4) (272, 4) (275, 4) (279, 3) (295, 4) (300, 5) (315, 4) (325, 4) (326, 4) (361, 5) (362, 5) (377, 4) (391, 4) (393, 4) (422, 1) (423, 2) (464, 3) (465, 3) (480, 4) (481, 4) (485, 4) (487, 4) (525, 4) (529, 5) (553, 4) (558, 4) (612, 5) (613, 4) (618, 3) (631, 4) (632, 4) (645, 5) (651, 4) (678, 3) (698, 5) (715, 5) (730, 4) (736, 4) (743, 1) (753, 3) (754, 4) (755, 4) (756, 5) (766, 5) (775, 4) (795, 4) (797, 4) (814, 4) (833, 4) (861, 5) (862, 4) (876, 4) (877, 4) (895, 3) (922, 4) (925, 4) (953, 3) (956, 1) (962, 5) (979, 3) (995, 4) (997, 4) (1015, 4) (1017, 4) (1049, 4) (1051, 3) (1056, 4) (1061, 4) (1068, 3) (1088, 3) (1120, 4) (1141, 6) (1148, 4) (1151, 3) (1168, 4) (1186, 4)

case 4: 394352 (下界: 394218, gap: 0.03%)
(6, 5) (13, 3) (24, 4) (27, 1) (46, 5) (72, 4) (81, 3) (95, 4) (116, 4) (122, 4) (131, 2) (142, 5) (143, 4) (144, 4) (148, 4) (165, 5) (181, 5) (190, 4) (193, 5) (194, 4) (197, 4) (204, 3) (216, 5) (217, 4) (232, 4) (241, 1) (250, 4) (254, 5) (268, 4) (276, 4) (280, 4) (303, 5) (306, 4) (335, 5) (340, 5) (342, 5) (377, 5) (378, 4) (405, 4) (427, 3) (430, 4) (432, 4) (433, 4) (456, 4) (457, 4) (458, 4) (459, 4) (475, 1) (502, 5) (504, 4) (532, 4) (533, 4) (551, 5) (554, 2) (557, 1) (568, 0) (574, 4) (583, 2) (594, 4) (602, 4) (620, 5) (621, 5) (640, 5) (646, 2) (651, 1) (658, 3) (661, 4) (681, 5) (690, 5) (695, 5) (696, 4) (725, 5) (729, 5) (775, 3) (776, 2) (788, 0) (807, 3) (808, 4) (811, 4) (812, 4) (813, 5) (825, 2) (881, 5) (912, 4) (913, 4) (979, 3) (989, 3) (995, 5) (1011, 2) (1025, 4) (1039, 5) (1058, 3) (1073, 4) (1084, 1) (1112, 1) (1117, 3) (1121, 4) (1131, 4) (1132, 4) (1158, 5) (1181, 3)

case 5: 378645
(3, 3) (13, 2) (20, 4) (28, 2) (37, 5) (42, 5) (66, 4) (78, 5) (81, 4) (87, 3) (113, 4) (139, 3) (144, 4) (160, 4) (161, 5) (191, 5) (203, 4) (224, 2) (233, 5) (258, 4) (276, 5) (285, 4) (287, 5) (289, 4) (294, 4) (320, 4) (356, 4) (359, 4) (434, 4) (439, 3) (446, 4) (463, 3) (472, 2) (480, 4) (481, 4) (485, 5) (486, 4) (497, 4) (516, 4) (519, 4) (520, 4) (521, 4) (539, 1) (551, 4) (555, 5) (561, 1) (569, 5) (595, 4) (596, 0) (599, 4) (601, 4) (610, 4) (615, 4) (631, 4) (661, 4) (670, 4) (707, 4) (725, 3) (732, 4) (734, 4) (746, 1) (761, 5) (762, 5) (780, 4) (816, 5) (821, 4) (830, 4) (835, 3) (840, 5) (847, 4) (868, 3) (901, 3) (905, 4) (908, 5) (924, 1) (926, 4) (927, 5) (938, 3) (942, 4) (947, 3) (951, 3) (953, 3) (966, 4) (992, 4) (1021, 4) (1022, 4) (1024, 5) (1056, 4) (1064, 4) (1079, 4) (1080, 5) (1086, 3) (1105, 5) (1151, 0) (1160, 1) (1175, 4) (1179, 4) (1181, 3) (1182, 4)

case 6: 363988
(6, 4) (7, 4) (40, 4) (43, 4) (59, 1) (63, 4) (64, 4) (87, 1) (98, 2) (105, 5) (117, 2) (130, 4) (137, 3) (153, 4) (154, 4) (180, 5) (182, 4) (204, 2) (211, 4) (223, 1) (232, 4) (233, 2) (236, 4) (238, 4) (240, 1) (271, 4) (291, 5) (299, 4) (302, 5) (333, 3) (337, 4) (366, 5) (374, 3) (394, 2) (402, 4) (424, 1) (444, 3) (470, 4) (471, 4) (485, 3) (486, 3) (488, 3) (496, 4) (498, 5) (499, 4) (521, 0) (523, 1) (525, 5) (537, 5) (547, 2) (551, 5) (571, 4) (574, 5) (575, 4) (576, 4) (578, 4) (583, 1) (614, 3) (619, 3) (623, 4) (638, 3) (642, 2) (645, 5) (662, 1) (669, 4) (690, 5) (705, 2) (731, 4) (747, 5) (760, 3) (796, 2) (802, 4) (804, 4) (818, 5) (822, 2) (826, 3) (830, 5) (835, 4) (863, 4) (890, 4) (899, 4) (901, 2) (912, 5) (952, 4) (967, 4) (976, 5) (990, 6) (1003, 2) (1018, 2) (1050, 4) (1067, 5) (1100, 3) (1110, 1) (1138, 3) (1163, 4) (1164, 5) (1169, 3) (1170, 4)

case 7: 364770
(13, 3) (17, 5) (30, 5) (56, 3) (74, 4) (86, 4) (106, 5) (115, 4) (120, 4) (122, 4) (180, 5) (198, 5) (200, 4) (221, 3) (227, 4) (231, 5) (273, 3) (277, 3) (286, 5) (288, 4) (289, 6) (296, 5) (305, 5) (309, 4) (334, 4) (365, 5) (368, 3) (377, 4) (378, 4) (383, 3) (396, 4) (398, 5) (400, 5) (402, 4) (437, 4) (440, 5) (443, 4) (475, 5) (478, 1) (482, 4) (486, 4) (511, 3) (521, 4) (539, 5) (561, 5) (564, 4) (600, 5) (619, 1) (624, 4) (635, 4) (636, 4) (639, 4) (648, 4) (682, 4) (699, 4) (751, 5) (758, 3) (790, 2) (812, 3) (816, 4) (819, 4) (833, 1) (861, 5) (892, 4) (893, 4) (931, 5) (940, 4) (946, 4) (951, 4) (952, 4) (953, 4) (964, 2) (974, 4) (999, 4) (1007, 5) (1008, 4) (1030, 4) (1032, 5) (1052, 4) (1063, 5) (1066, 4) (1074, 5) (1083, 5) (1086, 2) (1106, 3) (1120, 4) (1127, 3) (1137, 4) (1143, 2) (1167, 4) (1168, 4) (1194, 3) (1198, 3)

case 8: 384295
(0, 5) (1, 5) (37, 1) (50, 1) (57, 2) (80, 4) (84, 4) (89, 4) (94, 4) (109, 2) (116, 5) (131, 4) (133, 5) (153, 3) (155, 4) (156, 4) (161, 1) (180, 5) (184, 4) (193, 4) (199, 3) (210, 5) (212, 4) (248, 4) (270, 4) (291, 5) (292, 4) (295, 4) (324, 2) (340, 4) (341, 4) (348, 3) (349, 3) (363, 5) (388, 2) (394, 5) (397, 3) (398, 4) (400, 3) (421, 5) (423, 4) (453, 0) (457, 4) (459, 0) (466, 5) (467, 4) (479, 1) (484, 1) (491, 4) (493, 4) (495, 4) (503, 2) (510, 5) (522, 5) (524, 4) (563, 5) (572, 2) (582, 4) (583, 3) (608, 4) (633, 2) (655, 4) (670, 4) (684, 3) (685, 3) (691, 3) (695, 4) (725, 3) (746, 2) (757, 4) (770, 4) (787, 5) (799, 0) (802, 5) (834, 2) (858, 5) (876, 5) (891, 5) (903, 5) (905, 4) (915, 2) (937, 5) (952, 3) (962, 4) (977, 5) (996, 4) (1025, 4) (1030, 4) (1043, 5) (1047, 4) (1091, 4) (1093, 5) (1116, 4) (1119, 5) (1142, 4) (1161, 4) (1163, 4) (1179, 5) (1192, 6)

case 9: 377959
(5, 1) (6, 3) (24, 2) (25, 4) (61, 4) (84, 2) (90, 3) (96, 5) (118, 3) (130, 4) (133, 4) (155, 4) (196, 4) (205, 4) (216, 4) (217, 5) (228, 1) (256, 5) (270, 3) (279, 2) (306, 1) (325, 5) (337, 5) (366, 4) (371, 2) (377, 2) (383, 4) (387, 3) (400, 4) (423, 0) (430, 5) (459, 2) (470, 4) (472, 3) (481, 4) (507, 5) (511, 5) (513, 4) (520, 1) (548, 5) (559, 1) (563, 4) (564, 4) (578, 3) (596, 3) (606, 4) (635, 3) (648, 2) (650, 4) (651, 4) (654, 4) (656, 5) (673, 2) (674, 3) (681, 0) (685, 4) (687, 5) (712, 4) (713, 4) (737, 5) (739, 4) (751, 5) (752, 3) (762, 4) (782, 3) (787, 4) (798, 0) (801, 4) (819, 4) (845, 3) (853, 4) (880, 5) (882, 5) (883, 4) (890, 6) (900, 4) (901, 4) (918, 5) (925, 4) (927, 4) (967, 3) (974, 4) (975, 4) (976, 5) (979, 1) (994, 2) (1015, 5) (1072, 4) (1075, 5) (1082, 4) (1103, 4) (1104, 4) (1128, 3) (1130, 4) (1132, 4) (1136, 1) (1143, 2) (1155, 4) (1158, 4) (1179, 4) (1190, 3) (1193, 4)



