复赛中级

括号里两个数字的含义分别是: (部署服务器的网络节点, 服务器档次)

case 0: 88191
(34, 2) (45, 5) (51, 5) (75, 5) (92, 4) (159, 5) (173, 3) (200, 5) (212, 3) (221, 2) (228, 5) (246, 5) (255, 3) (277, 2) (286, 5) (299, 3)

case 1: 87123
(0, 5) (1, 5) (11, 3) (37, 5) (39, 2) (54, 3) (62, 2) (71, 1) (101, 5) (112, 3) (125, 5) (170, 5) (179, 5) (230, 5) (255, 5) (282, 3)

case 2: 90822
(4, 3) (17, 1) (26, 5) (31, 4) (47, 3) (55, 3) (87, 3) (110, 5) (160, 5) (177, 3) (179, 3) (181, 5) (219, 2) (232, 3) (245, 5) (266, 3) (273, 1) (276, 3)

case 3: 94158
(46, 5) (68, 5) (70, 2) (81, 2) (92, 5) (93, 4) (94, 3) (109, 1) (112, 5) (134, 2) (199, 1) (200, 5) (201, 5) (232, 3) (233, 5) (261, 5) (276, 5)

case 4: 87458
(30, 5) (45, 5) (78, 1) (82, 4) (97, 5) (116, 5) (130, 2) (131, 1) (135, 5) (165, 5) (185, 5) (196, 2) (205, 5) (240, 3) (273, 5) (286, 2)

case 5: 79804
(1, 5) (25, 3) (35, 5) (42, 5) (51, 5) (75, 3) (118, 3) (141, 5) (165, 5) (172, 2) (198, 5) (256, 3) (270, 5) (293, 2)

case 6: 93184
(22, 5) (35, 2) (47, 3) (80, 3) (110, 2) (112, 3) (120, 2) (123, 1) (124, 3) (133, 3) (160, 5) (168, 5) (188, 5) (207, 5) (209, 3) (232, 1) (246, 2) (253, 5) (285, 5)

case 7: 95064
(0, 5) (7, 1) (11, 1) (18, 3) (25, 5) (38, 3) (56, 3) (86, 3) (108, 3) (114, 1) (115, 1) (135, 5) (164, 3) (170, 5) (176, 3) (200, 5) (226, 5) (250, 3) (263, 1) (286, 3) (296, 1)

case 8: 84048 (下界: 83929, gap: 0.26%)
(24, 3) (45, 5) (55, 5) (66, 3) (95, 2) (100, 5) (108, 5) (109, 3) (139, 3) (197, 5) (214, 3) (245, 5) (253, 2) (280, 5) (286, 3) (299, 2)

case 9: 84562
(0, 5) (15, 5) (20, 5) (62, 5) (80, 5) (89, 4) (118, 5) (122, 1) (123, 3) (148, 5) (216, 5) (251, 3) (256, 5) (265, 5)
