
case 0: 100135
(34, 0) (45, 0) (51, 0) (75, 0) (92, 0) (157, 0) (159, 0) (173, 0) (200, 0) (212, 0) (221, 0) (228, 0) (246, 0) (277, 0) (286, 0) (299, 0)

case 1: 92854
(0, 0) (1, 0) (11, 0) (25, 0) (35, 0) (37, 0) (39, 0) (101, 0) (112, 0) (125, 0) (170, 0) (179, 0) (226, 0) (255, 0)

case 2: 104465
(0, 0) (17, 0) (26, 0) (29, 0) (47, 0) (55, 0) (87, 0) (101, 0) (160, 0) (177, 0) (179, 0) (181, 0) (219, 0) (245, 0) (266, 0) (273, 0)

case 3: 105592
(68, 0) (70, 0) (81, 0) (92, 0) (109, 0) (112, 0) (124, 0) (134, 0) (191, 0) (200, 0) (201, 0) (210, 0) (231, 0) (235, 0) (261, 0) (276, 0)

case 4: 100411
(30, 0) (45, 0) (78, 0) (82, 0) (97, 0) (116, 0) (129, 0) (130, 0) (131, 0) (135, 0) (165, 0) (196, 0) (205, 0) (240, 0) (273, 0) (277, 0)

case 5: 85987
(1, 0) (35, 0) (42, 0) (51, 0) (75, 0) (118, 0) (141, 0) (165, 0) (172, 0) (198, 0) (256, 0) (270, 0) (293, 0)

case 6: 108350
(22, 0) (35, 0) (110, 0) (112, 0) (120, 0) (123, 0) (124, 0) (132, 0) (160, 0) (168, 0) (188, 0) (207, 0) (209, 0) (232, 0) (246, 0) (253, 0) (285, 0)

case 7: 114144
(0, 0) (9, 0) (11, 0) (18, 0) (25, 0) (38, 0) (85, 0) (114, 0) (115, 0) (125, 0) (135, 0) (164, 0) (183, 0) (200, 0) (215, 0) (227, 0) (263, 0) (296, 0)

case 8: 91529
(24, 0) (45, 0) (55, 0) (83, 0) (95, 0) (100, 0) (131, 0) (139, 0) (195, 0) (197, 0) (211, 0) (253, 0) (280, 0) (299, 0)

case 9: 90474
(0, 0) (15, 0) (20, 0) (62, 0) (80, 0) (89, 0) (118, 0) (123, 0) (148, 0) (216, 0) (251, 0) (252, 0) (256, 0) (265, 0)