复赛初级

括号里两个数字的含义分别是: (部署服务器的网络节点, 服务器档次)

case0: 47819
(3, 5) (7, 3) (14, 4) (36, 3) (69, 4) (103, 3) (125, 3) (129, 3) (155, 5)

case1: 48087
(0, 3) (11, 2) (16, 5) (37, 3) (38, 3) (65, 5) (74, 2) (110, 3) (132, 5) (152, 1)

case2: 50853
(13, 3) (35, 2) (60, 3) (64, 5) (76, 3) (89, 3) (116, 5) (136, 2) (147, 4) (148, 1) (149, 3)

case 3: 45145
(0, 5) (15, 3) (21, 3) (34, 3) (41, 2) (76, 3) (107, 5) (132, 5) (134, 3)

case 4: 50111
(16, 3) (45, 1) (51, 5) (60, 3) (77, 5) (84, 3) (102, 5) (106, 5) (146, 5)

case 5: 49800
(12, 5) (27, 5) (41, 2) (51, 5) (57, 3) (62, 5) (96, 5) (149, 3) (154, 3)

case 6: 42341
(3, 5) (41, 3) (59, 3) (85, 5) (106, 5) (110, 3) (141, 5) (156, 0)

case 7: 49532
(2, 4) (42, 5) (45, 3) (104, 5) (108, 2) (111, 5) (122, 5) (143, 3) (148, 3)

case 8: 39921
(0, 3) (10, 5) (64, 3) (86, 5) (111, 5) (112, 3) (146, 5)

case 9: 50308
(1, 5) (20, 5) (51, 5) (57, 2) (59, 3) (84, 1) (86, 5) (88, 5) (127, 3)
