复赛中级(只有最高等级服务器)

说明: 括号里第二个数的含义是最高等级

case 0: 52135
(34, 0) (45, 0) (51, 0) (75, 0) (92, 0) (157, 0) (159, 0) (173, 0) (200, 0) (212, 0) (221, 0) (228, 0) (246, 0) (277, 0) (286, 0) (299, 0)

case 1: 50854
(0, 0) (1, 0) (11, 0) (25, 0) (35, 0) (37, 0) (39, 0) (101, 0) (112, 0) (125, 0) (170, 0) (179, 0) (226, 0) (255, 0)

case 2: 56345
(4, 0) (17, 0) (26, 0) (31, 0) (47, 0) (55, 0) (87, 0) (110, 0) (160, 0) (177, 0) (179, 0) (181, 0) (219, 0) (232, 0) (245, 0) (266, 0) (273, 0)

case 3: 57282
(68, 0) (70, 0) (81, 0) (92, 0) (94, 0) (109, 0) (112, 0) (124, 0) (134, 0) (191, 0) (200, 0) (201, 0) (210, 0) (231, 0) (233, 0) (261, 0) (276, 0)

case 4: 52411
(30, 0) (45, 0) (78, 0) (97, 0) (116, 0) (129, 0) (130, 0) (131, 0) (135, 0) (167, 0) (185, 0) (194, 0) (205, 0) (245, 0) (273, 0) (277, 0)

case 5: 46987
(1, 0) (35, 0) (42, 0) (51, 0) (75, 0) (118, 0) (141, 0) (165, 0) (172, 0) (198, 0) (256, 0) (270, 0) (293, 0)

case 6: 56892
(22, 0) (35, 0) (45, 0) (110, 0) (112, 0) (120, 0) (123, 0) (124, 0) (132, 0) (160, 0) (168, 0) (188, 0) (207, 0) (209, 0) (232, 0) (246, 0) (253, 0) (285, 0)

case 7: 59147
(0, 0) (7, 0) (11, 0) (18, 0) (25, 0) (38, 0) (56, 0) (108, 0) (114, 0) (115, 0) (135, 0) (164, 0) (170, 0) (176, 0) (200, 0) (226, 0) (250, 0) (263, 0) (296, 0)

case 8: 49529
(24, 0) (45, 0) (55, 0) (83, 0) (95, 0) (100, 0) (131, 0) (139, 0) (195, 0) (197, 0) (211, 0) (253, 0) (280, 0) (299, 0)

case 9: 48474
(0, 0) (15, 0) (20, 0) (62, 0) (80, 0) (89, 0) (118, 0) (123, 0) (148, 0) (216, 0) (251, 0) (252, 0) (256, 0) (265, 0)
