说明: 括号里第二个数的含义是最高等级

case 0: 49449
(3, 0) (14, 0) (36, 0) (69, 0) (103, 0) (129, 0) (155, 0)
case 1: 56784
(2, 0) (11, 0) (16, 0) (38, 0) (65, 0) (74, 0) (110, 0) (134, 0) (159, 0)
case 2: 58555
(0, 0) (35, 0) (64, 0) (76, 0) (89, 0) (116, 0) (136, 0) (138, 0) (148, 0)
case 3: 47394
(0, 0) (15, 0) (34, 0) (41, 0) (71, 0) (107, 0) (132, 0)
case 4: 53850
(16, 0) (60, 0) (77, 0) (84, 0) (99, 0) (102, 0) (106, 0) (146, 0)
case 5: 55676
(5, 0) (12, 0) (27, 0) (29, 0) (57, 0) (62, 0) (96, 0) (120, 0) (154, 0)
case 6: 49263
(3, 0) (41, 0) (59, 0) (85, 0) (106, 0) (110, 0) (141, 0) (156, 0)
case 7: 52986
(2, 0) (42, 0) (104, 0) (108, 0) (111, 0) (122, 0) (143, 0) (148, 0)
case 8: 40589
(0, 0) (13, 0) (64, 0) (86, 0) (111, 0) (146, 0)
case 9: 57552
(1, 0) (20, 0) (51, 0) (57, 0) (59, 0) (84, 0) (86, 0) (140, 0) (155, 0)
