初级 (服务器费用均为600):

case0: 28938
4 17 20 22 25 36 37 46 49 56 57 60 61 66 77 81 85 89 97 103 106 108 114 123 126 128 135 139 147 155 159

case1: 28935
4 8 9 10 15 25 26 35 42 44 57 62 63 70 75 76 80 85 90 103 109 118 120 126 130 135 139 142 146 147 149 154

case2: 28371
6 8 12 15 38 40 51 54 59 63 64 66 71 74 79 84 98 101 102 105 110 114 115 119 120 125 126 136 140 141 148 154 159

case3: 30546
4 5 7 15 18 27 28 34 43 47 52 55 56 59 67 70 91 95 96 100 109 112 114 118 126 127 128 131 133 136 141 146 157 158

case4: 29011
5 6 11 16 26 30 32 37 53 61 62 67 70 77 90 94 100 101 104 113 117 119 122 124 133 138 141 143 152 153 158

case5: 27768
9 12 15 16 17 19 27 29 37 41 42 43 49 63 64 87 95 100 109 112 126 128 129 130 135 143 146 148 158

case6: 29546
6 7 26 31 36 39 45 55 58 62 65 67 71 83 90 98 99 110 113 119 120 128 130 140 142 147 150 152 156

case7: 29802
20 27 29 32 35 36 38 42 44 49 53 54 57 59 65 74 78 86 91 93 96 97 100 102 104 107 114 127 131 139 143 147 150 157 158

case8: 29049
5 6 17 22 24 33 37 38 55 59 65 66 67 69 73 74 87 91 101 104 113 115 124 129 132 135 137 142 146 154 157
