高级(服务器成本均为1000)
注: 下面的解均是最优解的上界，下界是松弛问题的解(非可行解)，括号里百分比的含义是该值与最优解下界的gap

case 0: 184324 (0.3429%) 下界: 183691
7 14 17 35 43 50 59 74 82 89 96 101 111 120 124 126 129 138 147 161 166 167 178 186 187 194 203 205 227 234 238 242 252 254 263 267 270 271 278 281 288 308 321 326 331 336 338 346 349 363 370 375 383 387 397 402 409 415 416 423 438 463 464 474 482 488 500 503 505 520 525 529 542 548 552 557 576 584 592 594 617 634 641 643 646 653 660 663 671 679 686 701 711 719 731 739 742 751 756 757 760 767 770 774 778 784 791 795

case 1: 196153 (0.2590%) 下界: 195644
1 14 16 32 40 44 45 51 58 81 83 88 97 100 105 108 113 117 121 126 127 128 130 135 141 142 143 149 151 178 183 195 205 210 224 232 238 240 245 248 253 258 269 287 294 302 308 312 316 320 326 336 337 344 345 349 378 380 388 401 404 417 424 431 434 436 442 447 449 465 472 476 492 494 502 504 506 512 519 542 554 561 579 588 593 604 608 618 620 622 625 631 632 637 638 642 660 661 664 665 685 687 690 700 707 710 717 736 754 759 760 765 767 773 775 780 784 798

case 2: 197821 (0.3412%) 下界: 197142
18 41 50 58 59 62 63 68 72 75 79 80 81 84 93 95 100 110 112 131 138 141 161 163 166 172 181 186 192 209 214 217 224 237 241 248 251 256 260 263 266 285 289 300 309 311 314 318 323 324 327 350 354 355 358 365 368 388 391 396 397 402 407 410 418 419 423 424 432 433 454 458 462 464 467 470 474 476 479 484 501 506 508 509 516 529 539 543 547 549 556 575 576 577 586 605 617 620 624 630 641 651 654 662 663 664 677 699 701 702 709 714 716 721 759 761 766 772 784 787 798

case 3: 190343 (0.2380%) 下界: 189890
9 15 19 26 33 34 35 38 40 44 56 59 61 64 70 81 83 88 97 102 105 113 133 139 145 163 165 168 173 177 179 182 195 199 214 230 237 244 251 253 256 265 269 274 280 287 291 296 299 306 320 324 330 340 345 349 371 376 387 416 419 428 437 448 449 454 458 466 471 511 514 519 529 534 552 563 569 576 577 582 586 588 598 600 603 609 611 615 619 626 627 635 637 644 668 674 679 685 692 694 701 717 727 729 747 750 759 762 763 773 776 779 784 796 797

case 4: 199267 (0.0417%) 下界: 199181
10 16 18 25 34 35 47 51 52 58 59 63 82 86 94 96 101 109 118 119 125 127 129 143 152 166 176 179 183 185 188 197 198 207 208 218 220 233 240 245 247 249 254 261 264 265 285 293 308 317 324 328 349 375 378 386 402 405 413 419 425 428 430 438 440 450 453 465 470 471 472 475 479 483 501 533 537 540 548 550 555 556 566 568 582 587 589 593 597 603 613 619 623 629 631 633 634 641 653 655 675 679 694 711 713 725 729 737 742 750 756 757 766 767 770 774 776 781 784 786 790 791 799

case 5: 195167 (0.3274%) 下界: 194527
16 20 32 40 47 52 60 68 71 80 82 87 91 110 111 115 118 119 125 129 131 133 136 146 147 156 160 162 170 176 178 182 183 187 191 193 199 221 224 236 239 246 249 276 278 286 300 303 305 308 312 319 325 330 332 334 340 347 350 353 357 374 378 383 388 402 409 414 420 423 428 429 435 438 445 454 467 473 485 501 504 507 521 525 542 547 557 558 561 562 585 591 600 604 606 629 638 642 646 652 663 665 684 693 701 706 713 726 737 763 764 767 772 775 783 791 798

case 6: 200234 (0.3900%) 下界: 199450
9 15 25 27 33 34 35 36 54 62 68 82 93 101 118 140 142 143 154 155 157 172 173 190 199 215 217 220 222 235 240 250 256 272 273 278 281 284 287 291 300 306 309 319 326 330 333 335 336 340 365 368 377 378 380 381 395 403 416 417 421 428 436 449 457 458 460 478 486 500 506 507 512 519 522 531 539 546 549 553 557 560 564 566 568 569 580 591 598 607 612 618 626 635 636 642 654 657 662 666 673 676 678 682 687 689 694 697 708 717 723 729 748 750 754 762 766 768 775 780 787 792 795

case 7: 198908 (0.3950%) 下界: 198193
14 17 19 23 43 58 65 67 68 78 90 94 95 109 115 122 132 137 138 142 149 159 167 170 174 175 197 200 204 218 227 241 247 252 253 262 263 266 269 272 283 289 295 298 305 308 312 326 328 333 344 347 350 352 354 373 379 382 389 394 409 414 425 426 430 435 437 449 450 456 467 471 474 476 495 497 502 514 532 541 547 559 565 569 573 579 582 583 585 599 613 614 618 621 623 628 629 631 637 644 661 670 673 678 681 696 698 705 711 718 740 741 757 762 768 769 773 776 784 787 789 799

case 8: 199954 (0.1960%) 下界: 199561
14 18 37 38 42 49 56 58 70 75 79 81 85 88 94 103 110 124 126 128 141 146 147 157 165 166 172 190 192 195 206 210 213 224 225 229 231 246 249 251 253 262 263 266 271 281 284 301 307 311 313 316 323 325 340 344 363 372 376 390 391 404 411 413 417 419 420 434 440 443 444 449 464 467 470 478 484 487 491 495 506 509 512 518 524 538 554 560 561 566 570 576 591 607 610 612 624 626 630 633 637 649 655 661 669 684 692 698 712 714 730 736 754 760 774 787 790 793 797
