
初级 (服务器成本均为600):

case0: 28938
4 17 20 22 25 36 37 46 49 56 57 60 61 66 77 81 85 89 97 103 106 108 114 123 126 128 135 139 147 155 159

case1: 28935
4 8 9 10 15 25 26 35 42 44 57 62 63 70 75 76 80 85 90 103 109 118 120 126 130 135 139 142 146 147 149 154

case2: 28371
6 8 12 15 38 40 51 54 59 63 64 66 71 74 79 84 98 101 102 105 110 114 115 119 120 125 126 136 140 141 148 154 159

case3: 30546
4 5 7 15 18 27 28 34 43 47 52 55 56 59 67 70 91 95 96 100 109 112 114 118 126 127 128 131 133 136 141 146 157 158

case4: 29011
5 6 11 16 26 30 32 37 53 61 62 67 70 77 90 94 100 101 104 113 117 119 122 124 133 138 141 143 152 153 158

case5: 27768
9 12 15 16 17 19 27 29 37 41 42 43 49 63 64 87 95 100 109 112 126 128 129 130 135 143 146 148 158

case6: 29546
6 7 26 31 36 39 45 55 58 62 65 67 71 83 90 98 99 110 113 119 120 128 130 140 142 147 150 152 156

case7: 29802
20 27 29 32 35 36 38 42 44 49 53 54 57 59 65 74 78 86 91 93 96 97 100 102 104 107 114 127 131 139 143 147 150 157 158

case8: 29049
5 6 17 22 24 33 37 38 55 59 65 66 67 69 73 74 87 91 101 104 113 115 124 129 132 135 137 142 146 154 157

----------------------------------

中级 (服务器成本均为800):

case 0: 67623
6 9 17 24 32 37 49 50 51 53 57 67 73 76 85 86 92 94 96 108 109 116 119 124 134 140 141 147 149 160 164 166 168 171 176 187 199 207 212 218 235 236 240 241 248 256 258 260 265 271 279 287 290 299

case 1: 63519
3 13 21 25 30 32 52 61 75 76 78 82 85 86 88 89 99 100 103 105 107 114 119 121 124 125 128 142 149 152 165 172 192 201 209 210 214 221 226 240 246 250 252 254 259 265 267 276 294 296

case 2: 63564
3 9 13 17 30 38 49 56 64 66 68 79 87 98 102 106 112 117 120 123 133 142 144 153 156 165 167 168 180 182 186 188 204 218 221 226 232 238 239 249 252 258 265 267 273 276 282 287 292 293

case 3: 67824
5 6 9 11 15 21 23 34 38 45 48 49 64 65 67 69 71 76 83 85 91 105 114 115 120 121 126 129 130 132 139 146 163 168 181 196 198 199 200 207 210 213 214 218 233 237 240 242 258 267 269 276 278 285 296

case 4: 63003
8 11 15 20 34 37 38 41 46 51 59 77 81 85 89 92 112 118 127 132 140 151 153 162 166 177 180 182 187 199 200 217 223 231 232 250 252 254 269 273 278 281 284 291 296 297

case 5: 67757
17 19 21 24 28 40 43 51 56 59 80 87 92 100 103 110 111 115 128 134 138 143 145 149 158 160 161 163 165 168 171 173 180 181 186 187 188 195 210 213 220 222 233 251 264 265 271 273 281 285 292 296 297

case 6: 67739
1 7 18 23 30 31 42 45 52 57 61 68 69 79 81 82 85 89 97 105 106 112 132 134 143 147 148 153 156 160 162 165 177 178 183 186 193 200 206 207 222 224 228 230 244 249 250 265 271 273 276 279 280 285

case 7: 61935
1 6 8 9 18 29 35 45 47 50 61 63 68 80 81 84 88 94 101 103 104 106 108 113 118 136 140 142 145 146 154 161 167 175 200 207 210 214 219 221 227 237 239 241 245 250 252 256 265 271 277 291

case 8: 70193
4 10 12 13 25 28 29 32 39 65 69 75 77 78 82 85 87 90 91 92 95 96 103 111 112 117 131 137 142 144 146 152 158 160 161 167 171 176 181 192 196 198 210 217 218 229 232 236 241 246 250 251 264 271 284 285 291 292

----------------------------------

高级 (服务器成本均为1000)

case0: 

case1:

case2:

case3:

case4:

case5:

case6:

case7:

case8:


