case: 6--0
node_num: 1200
customer_num: 480
server level: 
(14, 3) (22, 4) (46, 4) (72, 4) (75, 4) (77, 4) (78, 4) (93, 1) (103, 2) (112, 2) (142, 4) (155, 4) (158, 1) (161, 2) (174, 2) (195, 4) (208, 4) (215, 2) (236, 4) (242, 4) (259, 4) (274, 4) (293, 4) (306, 4) (314, 4) (343, 3) (361, 4) (373, 4) (374, 4) (383, 4) (389, 4) (390, 3) (394, 4) (409, 4) (411, 4) (430, 4) (439, 4) (452, 4) (458, 3) (460, 4) (491, 4) (502, 4) (511, 4) (551, 4) (582, 4) (583, 4) (584, 4) (586, 4) (588, 0) (594, 4) (595, 1) (597, 4) (599, 4) (612, 4) (617, 4) (650, 4) (656, 4) (657, 4) (682, 4) (683, 3) (688, 4) (700, 4) (714, 4) (728, 4) (748, 4) (762, 4) (767, 4) (773, 4) (776, 4) (779, 4) (789, 3) (796, 1) (808, 4) (832, 4) (847, 3) (850, 4) (864, 4) (866, 4) (872, 4) (894, 4) (934, 4) (936, 4) (940, 4) (961, 4) (983, 4) (984, 4) (986, 3) (991, 2) (993, 4) (998, 4) (1004, 3) (1019, 2) (1046, 4) (1060, 4) (1062, 4) (1066, 4) (1070, 4) (1103, 4) (1109, 4) (1110, 4) (1124, 4) (1135, 4) (1136, 4) (1145, 3) (1164, 4) (1184, 4) 
server num: 106
total cost: 451152
use time: 2.65184


case: 6--1
node_num: 1200
customer_num: 480
server level: 
(9, 1) (29, 4) (35, 4) (39, 4) (49, 4) (61, 4) (66, 4) (87, 4) (91, 4) (93, 4) (94, 4) (104, 4) (121, 4) (132, 4) (157, 3) (158, 4) (165, 4) (167, 3) (178, 4) (180, 3) (191, 3) (206, 4) (208, 4) (219, 3) (228, 4) (242, 4) (243, 4) (263, 4) (274, 4) (277, 3) (289, 3) (312, 4) (324, 4) (330, 4) (331, 4) (336, 4) (340, 2) (344, 4) (345, 3) (356, 4) (358, 4) (359, 4) (363, 2) (379, 2) (384, 4) (389, 3) (402, 4) (407, 4) (415, 4) (421, 4) (434, 4) (437, 2) (439, 4) (444, 1) (491, 4) (492, 4) (500, 2) (522, 4) (543, 3) (559, 4) (576, 4) (577, 4) (579, 4) (581, 4) (588, 4) (596, 4) (598, 3) (618, 4) (644, 4) (754, 4) (759, 3) (799, 4) (807, 4) (820, 3) (850, 4) (851, 4) (882, 4) (891, 3) (896, 4) (898, 4) (899, 4) (905, 4) (908, 4) (914, 3) (915, 3) (942, 4) (947, 3) (962, 4) (987, 4) (1030, 4) (1034, 3) (1040, 3) (1043, 3) (1048, 3) (1063, 4) (1067, 4) (1088, 4) (1089, 4) (1094, 4) (1097, 4) (1114, 4) (1159, 2) (1192, 4) (1197, 3) 
server num: 104
total cost: 441801
use time: 2.6368


case: 6--2
node_num: 1200
customer_num: 480
server level: 
(11, 2) (24, 4) (28, 4) (44, 4) (55, 4) (59, 4) (65, 0) (80, 4) (85, 4) (90, 4) (121, 3) (127, 4) (129, 3) (149, 3) (180, 3) (186, 4) (194, 4) (215, 4) (216, 4) (217, 3) (228, 3) (240, 4) (244, 3) (279, 4) (283, 4) (284, 4) (290, 4) (293, 2) (299, 4) (316, 3) (355, 3) (361, 4) (380, 3) (381, 2) (390, 4) (392, 1) (398, 2) (423, 3) (434, 4) (449, 4) (465, 3) (466, 4) (490, 4) (493, 2) (507, 4) (511, 4) (534, 4) (540, 4) (544, 4) (546, 4) (566, 2) (573, 4) (583, 4) (591, 3) (606, 4) (607, 4) (616, 4) (633, 3) (636, 3) (648, 2) (650, 4) (659, 4) (691, 3) (703, 4) (710, 3) (712, 4) (721, 4) (722, 4) (759, 4) (765, 4) (772, 1) (785, 4) (787, 4) (790, 4) (799, 4) (804, 3) (817, 3) (827, 4) (836, 4) (853, 4) (859, 2) (880, 4) (884, 4) (894, 4) (913, 3) (944, 4) (955, 4) (957, 3) (968, 4) (990, 2) (998, 4) (1013, 4) (1014, 4) (1023, 3) (1042, 4) (1047, 4) (1051, 4) (1066, 4) (1081, 4) (1091, 4) (1092, 4) (1094, 4) (1100, 4) (1106, 4) (1116, 4) (1124, 4) (1138, 4) (1146, 4) (1149, 4) (1163, 4) (1170, 3) (1171, 4) (1182, 4) 
server num: 113
total cost: 480779
use time: 2.7607


case: 6--3
node_num: 1200
customer_num: 480
server level: 
(5, 4) (8, 4) (19, 4) (33, 4) (35, 3) (58, 4) (65, 4) (66, 4) (87, 4) (92, 3) (103, 3) (104, 3) (108, 4) (116, 4) (117, 4) (134, 4) (140, 2) (149, 4) (150, 4) (151, 4) (154, 4) (156, 4) (169, 3) (191, 4) (193, 3) (198, 4) (217, 4) (233, 4) (239, 4) (245, 3) (247, 4) (269, 3) (275, 4) (293, 4) (312, 2) (315, 4) (319, 4) (347, 3) (373, 4) (396, 4) (404, 4) (412, 4) (423, 3) (432, 4) (465, 4) (474, 4) (475, 4) (491, 2) (493, 4) (498, 4) (500, 4) (510, 4) (541, 4) (545, 4) (581, 4) (605, 4) (626, 3) (658, 4) (663, 3) (665, 4) (669, 4) (678, 4) (690, 3) (699, 3) (706, 4) (708, 4) (710, 4) (714, 4) (720, 2) (722, 4) (736, 3) (747, 4) (750, 4) (753, 4) (754, 4) (764, 4) (803, 4) (814, 4) (815, 3) (849, 4) (886, 4) (890, 4) (895, 4) (903, 4) (906, 4) (925, 4) (953, 3) (956, 1) (972, 4) (1007, 4) (1028, 4) (1048, 4) (1049, 3) (1051, 4) (1068, 4) (1069, 4) (1088, 4) (1104, 4) (1112, 4) (1113, 4) (1120, 4) (1141, 4) (1144, 4) (1151, 4) (1153, 4) (1158, 4) (1186, 4) (1194, 3) (1198, 4) 
server num: 109
total cost: 475589
use time: 2.75838


case: 6--4
node_num: 1200
customer_num: 480
server level: 
(4, 4) (6, 4) (9, 4) (11, 4) (29, 2) (37, 1) (40, 4) (49, 4) (51, 4) (57, 4) (81, 4) (95, 4) (109, 4) (114, 3) (122, 4) (125, 4) (131, 3) (173, 4) (189, 3) (196, 4) (197, 4) (200, 4) (204, 4) (209, 4) (219, 4) (227, 4) (241, 2) (260, 4) (268, 4) (269, 4) (270, 4) (272, 4) (276, 4) (290, 4) (317, 4) (321, 4) (359, 3) (360, 4) (365, 4) (370, 3) (371, 3) (380, 4) (411, 3) (423, 3) (428, 4) (443, 4) (451, 4) (468, 4) (482, 4) (485, 4) (495, 4) (507, 2) (566, 3) (574, 4) (576, 4) (583, 3) (602, 4) (603, 2) (617, 4) (626, 4) (627, 4) (633, 4) (638, 2) (647, 4) (651, 2) (658, 4) (681, 4) (683, 4) (687, 4) (701, 4) (704, 4) (709, 4) (721, 4) (738, 4) (764, 4) (775, 4) (776, 3) (785, 3) (807, 4) (808, 4) (819, 4) (825, 4) (829, 4) (849, 0) (863, 4) (875, 4) (887, 3) (893, 4) (907, 4) (926, 4) (974, 1) (979, 4) (986, 4) (989, 4) (1003, 4) (1039, 3) (1043, 4) (1048, 2) (1055, 2) (1084, 1) (1086, 4) (1092, 4) (1113, 4) (1117, 3) (1131, 4) (1132, 4) (1140, 4) (1163, 4) (1181, 4) (1195, 4) 
server num: 110
total cost: 477481
use time: 2.88546


case: 6--5
node_num: 1200
customer_num: 480
server level: 
(3, 4) (5, 4) (13, 2) (20, 4) (28, 4) (37, 4) (43, 4) (87, 4) (94, 4) (96, 4) (97, 4) (104, 4) (128, 4) (139, 2) (153, 3) (168, 4) (169, 4) (188, 4) (213, 4) (214, 4) (220, 4) (224, 3) (258, 4) (294, 4) (302, 4) (308, 3) (333, 4) (367, 2) (383, 3) (392, 3) (426, 4) (433, 2) (434, 4) (439, 4) (463, 4) (465, 4) (472, 4) (497, 4) (504, 4) (510, 4) (526, 4) (536, 4) (539, 2) (555, 4) (569, 4) (589, 4) (595, 3) (596, 1) (599, 4) (615, 4) (620, 4) (628, 4) (631, 4) (657, 4) (658, 3) (661, 4) (664, 4) (674, 4) (681, 4) (695, 3) (698, 4) (699, 4) (704, 4) (721, 4) (725, 2) (728, 4) (736, 1) (743, 2) (754, 3) (768, 4) (771, 3) (773, 4) (799, 4) (816, 4) (830, 3) (831, 4) (868, 4) (878, 3) (896, 4) (901, 4) (911, 4) (921, 3) (928, 4) (939, 4) (951, 4) (966, 4) (969, 3) (986, 3) (1000, 4) (1038, 4) (1052, 4) (1056, 4) (1060, 4) (1064, 4) (1082, 4) (1086, 4) (1100, 4) (1101, 4) (1109, 4) (1117, 4) (1118, 4) (1134, 2) (1136, 3) (1160, 1) (1167, 3) (1181, 4) (1182, 3) 
server num: 107
total cost: 451488
use time: 2.63687


case: 6--6
node_num: 1200
customer_num: 480
server level: 
(15, 4) (52, 4) (95, 4) (97, 3) (98, 3) (110, 3) (137, 3) (149, 2) (156, 3) (190, 3) (217, 4) (232, 4) (233, 3) (234, 4) (239, 3) (240, 2) (242, 4) (245, 4) (252, 3) (319, 1) (328, 4) (333, 4) (337, 4) (361, 4) (373, 4) (374, 4) (394, 2) (402, 4) (410, 3) (424, 2) (444, 4) (445, 4) (447, 3) (454, 4) (466, 4) (479, 4) (485, 4) (488, 2) (491, 4) (512, 3) (517, 4) (547, 3) (568, 4) (584, 4) (590, 2) (603, 4) (609, 3) (619, 4) (623, 4) (633, 4) (638, 4) (642, 3) (654, 4) (662, 2) (670, 3) (688, 3) (704, 4) (705, 4) (721, 4) (731, 4) (747, 4) (758, 4) (760, 4) (778, 4) (785, 4) (792, 3) (796, 3) (797, 4) (818, 4) (826, 4) (843, 4) (856, 4) (871, 4) (887, 4) (899, 4) (901, 4) (903, 4) (908, 4) (912, 4) (929, 4) (961, 4) (982, 4) (985, 2) (990, 4) (1003, 3) (1004, 4) (1018, 2) (1022, 4) (1024, 4) (1077, 4) (1100, 4) (1105, 4) (1109, 4) (1117, 4) (1120, 4) (1138, 4) (1139, 4) (1151, 4) (1152, 4) (1169, 3) (1170, 4) (1186, 4) 
server num: 102
total cost: 435529
use time: 2.68955


case: 6--7
node_num: 1200
customer_num: 480
server level: 
(7, 4) (8, 3) (10, 3) (13, 4) (14, 4) (33, 4) (43, 3) (45, 3) (56, 4) (62, 4) (68, 4) (102, 2) (106, 4) (108, 3) (136, 4) (139, 3) (143, 2) (144, 4) (180, 4) (221, 4) (234, 4) (248, 4) (256, 4) (261, 4) (273, 4) (277, 4) (289, 4) (296, 4) (315, 4) (329, 4) (333, 4) (334, 3) (349, 4) (351, 3) (364, 4) (368, 4) (383, 3) (384, 4) (408, 4) (413, 4) (422, 3) (424, 4) (437, 4) (447, 4) (450, 4) (483, 4) (486, 4) (507, 4) (521, 4) (524, 2) (537, 4) (539, 4) (555, 3) (571, 3) (574, 4) (624, 4) (645, 4) (648, 4) (652, 4) (657, 4) (661, 3) (677, 4) (711, 4) (712, 3) (716, 4) (727, 3) (744, 3) (758, 2) (765, 4) (783, 4) (790, 2) (794, 3) (825, 3) (848, 4) (856, 4) (864, 4) (918, 3) (925, 4) (935, 4) (946, 4) (948, 4) (957, 4) (970, 3) (974, 4) (983, 2) (998, 3) (999, 4) (1024, 4) (1038, 4) (1039, 2) (1044, 3) (1048, 2) (1052, 4) (1074, 4) (1077, 4) (1083, 4) (1086, 4) (1087, 4) (1106, 4) (1119, 4) (1125, 4) (1127, 3) (1143, 3) (1174, 4) (1192, 4) (1198, 4) 
server num: 106
total cost: 449045
use time: 2.71666


case: 6--8
node_num: 1200
customer_num: 480
server level: 
(12, 4) (38, 3) (50, 2) (68, 4) (89, 4) (92, 4) (94, 4) (108, 4) (109, 3) (147, 4) (148, 2) (153, 3) (163, 3) (168, 4) (176, 4) (179, 4) (193, 4) (195, 4) (199, 4) (215, 3) (217, 4) (235, 4) (239, 4) (263, 4) (295, 4) (305, 4) (324, 2) (332, 4) (339, 3) (349, 2) (377, 4) (396, 4) (397, 3) (398, 4) (400, 4) (412, 4) (413, 4) (414, 4) (415, 4) (416, 2) (430, 4) (457, 4) (459, 1) (462, 2) (470, 4) (471, 4) (480, 4) (484, 2) (501, 4) (503, 4) (510, 4) (524, 4) (537, 4) (544, 4) (565, 4) (572, 2) (582, 4) (583, 4) (616, 2) (620, 4) (621, 2) (633, 3) (637, 4) (665, 4) (684, 4) (691, 4) (725, 3) (746, 3) (747, 4) (757, 4) (767, 4) (775, 4) (783, 4) (787, 4) (795, 4) (838, 4) (843, 1) (852, 4) (860, 4) (865, 2) (872, 4) (875, 4) (876, 4) (908, 3) (911, 2) (913, 4) (915, 3) (928, 4) (952, 4) (953, 3) (966, 4) (967, 4) (979, 4) (981, 4) (988, 3) (1020, 4) (1025, 3) (1061, 4) (1073, 3) (1097, 4) (1103, 4) (1109, 4) (1146, 4) (1155, 4) (1179, 4) (1182, 1) (1192, 4) 
server num: 107
total cost: 453121
use time: 2.73025


case: 6--9
node_num: 1200
customer_num: 480
server level: 
(6, 4) (19, 3) (34, 4) (53, 4) (61, 4) (84, 3) (86, 3) (90, 4) (102, 4) (124, 2) (153, 4) (155, 4) (173, 3) (184, 4) (201, 1) (205, 4) (206, 4) (213, 4) (214, 4) (238, 4) (239, 4) (248, 4) (251, 4) (253, 3) (264, 4) (266, 4) (268, 4) (270, 4) (278, 4) (287, 4) (291, 4) (305, 4) (306, 2) (333, 4) (344, 3) (347, 3) (348, 4) (361, 4) (375, 4) (389, 4) (397, 3) (423, 1) (442, 4) (447, 4) (459, 3) (461, 4) (470, 4) (472, 2) (497, 4) (505, 4) (507, 4) (548, 4) (549, 4) (550, 4) (589, 4) (595, 3) (596, 4) (624, 3) (635, 4) (639, 3) (643, 1) (648, 4) (663, 3) (673, 3) (674, 4) (675, 4) (680, 4) (694, 1) (700, 4) (701, 4) (704, 4) (739, 4) (747, 4) (748, 4) (752, 4) (782, 4) (788, 4) (812, 3) (845, 4) (848, 4) (862, 4) (863, 4) (884, 2) (886, 3) (890, 4) (896, 3) (918, 4) (937, 4) (959, 2) (967, 2) (982, 4) (994, 3) (1002, 4) (1014, 4) (1022, 3) (1029, 4) (1037, 3) (1082, 4) (1086, 4) (1098, 4) (1127, 2) (1128, 4) (1143, 3) (1178, 3) (1179, 4) (1190, 4) (1193, 4) (1199, 4) 
server num: 108
total cost: 457370
use time: 2.68341


