case: 5--0
node_num: 600
customer_num: 240
server level: 
(0, 5) (3, 5) (21, 2) (29, 5) (47, 4) (50, 4) (60, 5) (70, 5) (71, 5) (72, 5) (88, 3) (141, 4) (144, 0) (178, 4) (187, 4) (205, 5) (214, 3) (223, 5) (224, 5) (236, 3) (249, 2) (254, 4) (255, 5) (271, 1) (282, 5) (290, 1) (321, 5) (322, 5) (344, 4) (345, 2) (351, 5) (365, 2) (384, 2) (387, 4) (392, 4) (395, 4) (401, 2) (413, 1) (423, 2) (431, 5) (478, 5) (511, 5) (523, 4) (539, 3) (546, 4) (548, 4) (578, 5) (582, 4) (590, 4) 
server num: 49
total cost: 199717
use time: 43.7197


case: 5--1
node_num: 600
customer_num: 240
server level: 
(4, 5) (31, 4) (35, 4) (60, 4) (90, 4) (113, 3) (145, 2) (152, 4) (162, 4) (166, 5) (186, 5) (195, 4) (239, 3) (241, 4) (257, 3) (260, 5) (286, 5) (289, 4) (293, 4) (306, 5) (317, 4) (337, 4) (346, 4) (355, 4) (357, 4) (358, 4) (376, 4) (396, 4) (398, 4) (412, 5) (440, 4) (442, 4) (455, 4) (495, 5) (503, 5) (505, 4) (509, 5) (549, 4) (552, 4) (570, 4) (572, 3) (574, 4) (579, 4) (595, 0) 
server num: 44
total cost: 177174
use time: 34.3496


case: 5--2
node_num: 600
customer_num: 240
server level: 
(18, 3) (38, 4) (42, 4) (48, 4) (68, 6) (72, 3) (77, 5) (80, 2) (81, 3) (95, 3) (97, 5) (99, 0) (103, 3) (110, 4) (111, 4) (112, 5) (136, 4) (144, 3) (155, 3) (156, 4) (158, 4) (188, 1) (190, 4) (235, 4) (241, 5) (256, 4) (262, 1) (272, 5) (273, 5) (277, 5) (310, 4) (314, 4) (323, 3) (325, 4) (349, 5) (385, 4) (389, 4) (414, 4) (420, 1) (426, 4) (430, 4) (474, 4) (490, 3) (492, 2) (521, 4) (522, 4) (556, 4) (560, 3) (573, 2) (577, 4) (579, 4) (590, 4) (596, 1) 
server num: 53
total cost: 201734
use time: 46.6568


case: 5--3
node_num: 600
customer_num: 240
server level: 
(0, 5) (3, 5) (6, 5) (65, 6) (71, 5) (86, 3) (101, 4) (119, 4) (141, 3) (161, 5) (162, 3) (171, 5) (209, 5) (237, 2) (245, 5) (255, 3) (273, 4) (275, 5) (279, 5) (284, 3) (291, 3) (293, 5) (326, 4) (329, 4) (331, 2) (342, 3) (356, 4) (358, 5) (361, 4) (400, 4) (402, 4) (432, 4) (433, 5) (434, 4) (441, 2) (450, 4) (453, 4) (457, 4) (459, 4) (463, 3) (472, 5) (495, 2) (517, 5) (530, 5) (545, 4) (551, 2) (553, 5) 
server num: 47
total cost: 193662
use time: 42.1391


case: 5--4
node_num: 600
customer_num: 240
server level: 
(35, 5) (50, 4) (51, 5) (64, 4) (66, 5) (85, 4) (87, 5) (101, 4) (102, 4) (107, 2) (132, 5) (133, 5) (149, 5) (178, 4) (190, 2) (197, 5) (209, 3) (219, 3) (225, 4) (228, 4) (242, 4) (263, 4) (269, 4) (271, 4) (275, 5) (276, 4) (291, 5) (300, 4) (304, 3) (308, 4) (318, 5) (320, 4) (321, 5) (324, 4) (351, 4) (365, 4) (369, 4) (382, 1) (395, 4) (396, 4) (430, 5) (480, 4) (485, 5) (488, 3) (515, 4) (516, 4) (529, 0) (536, 3) (545, 4) (555, 3) (561, 5) (596, 2) 
server num: 52
total cost: 210646
use time: 43.2461


case: 5--5
node_num: 600
customer_num: 240
server level: 
(6, 6) (39, 5) (44, 6) (56, 5) (67, 3) (71, 5) (74, 1) (90, 6) (91, 5) (97, 4) (99, 1) (102, 6) (116, 0) (150, 2) (192, 5) (203, 5) (225, 5) (245, 5) (262, 3) (269, 3) (280, 4) (291, 6) (294, 2) (311, 4) (320, 6) (342, 4) (350, 5) (364, 4) (381, 3) (386, 4) (406, 4) (407, 5) (427, 5) (434, 5) (441, 4) (452, 2) (455, 5) (461, 3) (462, 2) (473, 1) (475, 5) (476, 6) (491, 4) (521, 4) (543, 4) (548, 3) (576, 5) 
server num: 47
total cost: 200614
use time: 39.9202


case: 5--6
node_num: 600
customer_num: 240
server level: 
(0, 5) (10, 2) (22, 4) (29, 3) (42, 5) (84, 4) (87, 4) (91, 5) (104, 4) (128, 2) (159, 3) (166, 3) (183, 3) (190, 5) (193, 4) (211, 5) (216, 5) (218, 4) (234, 4) (245, 4) (248, 3) (255, 5) (257, 4) (258, 3) (262, 2) (265, 4) (267, 3) (283, 4) (296, 3) (302, 4) (303, 4) (320, 4) (321, 4) (334, 3) (378, 4) (382, 4) (400, 3) (415, 4) (427, 4) (439, 4) (444, 4) (447, 4) (456, 4) (475, 4) (491, 5) (501, 4) (512, 4) (525, 4) (526, 4) (527, 4) (540, 4) (559, 3) (577, 4) 
server num: 53
total cost: 210379
use time: 45.2172


case: 5--7
node_num: 600
customer_num: 240
server level: 
(19, 3) (47, 3) (50, 5) (53, 4) (64, 3) (75, 4) (99, 3) (103, 4) (111, 5) (124, 4) (150, 4) (152, 3) (173, 5) (179, 3) (180, 4) (194, 2) (204, 3) (205, 4) (218, 3) (235, 4) (251, 4) (253, 3) (254, 3) (261, 2) (265, 3) (283, 4) (287, 2) (302, 4) (303, 0) (305, 4) (308, 4) (321, 1) (324, 2) (325, 3) (334, 2) (340, 4) (346, 3) (347, 4) (348, 3) (370, 3) (371, 3) (373, 4) (393, 3) (406, 2) (426, 4) (470, 3) (472, 4) (482, 3) (490, 4) (491, 3) (514, 3) (521, 4) (526, 4) (537, 3) (548, 3) (572, 1) (575, 4) (599, 3) 
server num: 58
total cost: 205353
use time: 48.6691


case: 5--8
node_num: 600
customer_num: 240
server level: 
(1, 5) (15, 4) (22, 4) (31, 2) (38, 4) (51, 4) (52, 3) (62, 4) (64, 3) (94, 4) (95, 3) (97, 4) (113, 3) (126, 3) (128, 4) (160, 4) (166, 4) (170, 4) (205, 3) (208, 3) (215, 4) (263, 4) (285, 3) (290, 3) (298, 5) (322, 4) (337, 4) (340, 4) (351, 4) (365, 4) (370, 4) (389, 4) (396, 4) (403, 2) (423, 3) (427, 3) (428, 3) (455, 3) (456, 3) (461, 2) (487, 4) (488, 3) (489, 3) (505, 3) (514, 4) (540, 3) (542, 4) (556, 4) (560, 3) (567, 1) 
server num: 50
total cost: 183575
use time: 40.4621


case: 5--9
node_num: 600
customer_num: 240
server level: 
(0, 5) (28, 3) (37, 5) (51, 2) (54, 5) (60, 5) (62, 3) (81, 5) (82, 4) (101, 3) (109, 4) (120, 4) (135, 5) (136, 5) (148, 2) (150, 4) (166, 5) (180, 4) (189, 4) (194, 3) (196, 4) (200, 4) (220, 4) (244, 4) (254, 5) (258, 3) (305, 0) (306, 2) (353, 2) (360, 5) (368, 4) (376, 4) (394, 0) (405, 4) (406, 3) (407, 4) (430, 4) (432, 4) (436, 5) (455, 4) (459, 4) (480, 4) (485, 5) (524, 5) (526, 5) (535, 2) (555, 5) (557, 4) (558, 5) (581, 4) (582, 5) (583, 4) 
server num: 52
total cost: 210828
use time: 50.114


