case: 4--0
node_num: 1200
customer_num: 480
server level: 
(22, 6) (46, 5) (69, 1) (72, 7) (77, 4) (78, 7) (93, 1) (103, 2) (112, 2) (142, 7) (155, 6) (158, 1) (161, 2) (174, 2) (195, 5) (208, 6) (215, 2) (236, 4) (242, 6) (259, 4) (274, 4) (306, 3) (343, 3) (361, 7) (373, 8) (374, 4) (383, 4) (389, 6) (390, 3) (394, 5) (409, 5) (411, 4) (439, 5) (452, 3) (458, 3) (460, 3) (491, 3) (511, 5) (551, 4) (582, 4) (583, 3) (584, 5) (586, 4) (588, 0) (594, 4) (595, 1) (597, 7) (599, 5) (612, 4) (617, 4) (650, 5) (656, 4) (657, 4) (682, 5) (683, 3) (688, 4) (700, 4) (714, 7) (728, 4) (748, 4) (762, 4) (767, 9) (776, 5) (779, 4) (796, 1) (808, 4) (832, 4) (847, 3) (850, 5) (864, 2) (872, 5) (894, 5) (928, 3) (934, 7) (936, 5) (940, 7) (961, 6) (983, 4) (984, 8) (991, 2) (993, 7) (998, 6) (1019, 2) (1060, 5) (1062, 5) (1066, 5) (1070, 4) (1103, 6) (1109, 8) (1110, 4) (1124, 6) (1135, 4) (1136, 4) (1164, 5) (1184, 5) 
server num: 95
total cost: 413715
use time: 2.48045


