case: 6--0
node_num: 1200
customer_num: 480
server level: 
(22, 6) (46, 5) (69, 1) (72, 6) (78, 5) (93, 1) (103, 2) (112, 2) (142, 7) (158, 1) (161, 2) (174, 2) (195, 5) (208, 6) (215, 2) (219, 2) (232, 3) (236, 4) (242, 6) (274, 4) (306, 3) (328, 2) (343, 3) (361, 7) (373, 8) (374, 4) (389, 6) (390, 3) (394, 5) (409, 5) (411, 4) (439, 5) (452, 3) (458, 3) (460, 3) (491, 3) (502, 4) (511, 5) (583, 3) (584, 5) (586, 4) (588, 0) (594, 5) (595, 1) (597, 7) (599, 5) (612, 4) (617, 4) (650, 5) (656, 4) (657, 4) (682, 4) (683, 3) (688, 5) (700, 4) (714, 7) (728, 4) (748, 4) (762, 4) (767, 5) (776, 5) (779, 3) (789, 3) (796, 1) (808, 4) (832, 4) (847, 3) (864, 4) (872, 5) (894, 5) (928, 4) (932, 4) (934, 7) (936, 5) (940, 7) (948, 4) (961, 6) (983, 4) (984, 8) (991, 2) (993, 6) (998, 6) (1004, 2) (1019, 2) (1036, 2) (1046, 2) (1060, 5) (1062, 5) (1066, 5) (1069, 5) (1070, 4) (1103, 6) (1109, 9) (1110, 4) (1124, 6) (1134, 2) (1137, 3) (1164, 5) (1184, 5) 
server num: 99
total cost: 467713
use time: 2.46309


case: 6--1
node_num: 1200
customer_num: 480
server level: 
(9, 1) (29, 4) (35, 2) (39, 4) (49, 6) (61, 5) (66, 4) (69, 3) (87, 4) (93, 3) (94, 4) (104, 6) (121, 4) (132, 4) (157, 3) (158, 4) (165, 4) (178, 4) (191, 4) (206, 6) (208, 3) (219, 3) (228, 5) (242, 4) (243, 5) (263, 8) (274, 4) (277, 3) (312, 3) (324, 4) (330, 8) (331, 4) (336, 4) (340, 2) (344, 6) (356, 5) (358, 3) (359, 6) (384, 4) (402, 4) (407, 6) (408, 4) (415, 5) (421, 6) (434, 4) (437, 2) (444, 1) (491, 4) (492, 7) (500, 2) (522, 5) (543, 2) (559, 5) (576, 3) (577, 5) (579, 4) (581, 4) (588, 5) (596, 4) (598, 3) (618, 4) (739, 1) (759, 5) (799, 4) (808, 2) (820, 4) (833, 3) (851, 8) (882, 3) (898, 7) (899, 4) (908, 6) (942, 5) (947, 3) (962, 3) (987, 4) (1030, 7) (1040, 3) (1043, 5) (1048, 3) (1052, 2) (1063, 8) (1067, 4) (1088, 3) (1089, 6) (1094, 6) (1097, 3) (1114, 6) (1127, 3) (1135, 2) (1159, 2) (1172, 4) (1192, 6) (1195, 3) (1197, 4) 
server num: 95
total cost: 448681
use time: 2.41161


case: 6--2
node_num: 1200
customer_num: 480
server level: 
(12, 4) (22, 4) (28, 7) (44, 4) (55, 6) (59, 9) (65, 0) (90, 7) (121, 3) (127, 5) (129, 3) (149, 3) (166, 4) (180, 3) (186, 4) (194, 3) (215, 4) (216, 5) (228, 3) (240, 4) (244, 5) (283, 4) (284, 6) (290, 4) (299, 5) (355, 2) (361, 5) (380, 3) (390, 4) (392, 1) (398, 2) (419, 4) (423, 3) (434, 4) (449, 4) (465, 5) (466, 6) (490, 7) (493, 3) (507, 6) (511, 3) (514, 3) (534, 4) (540, 4) (544, 3) (546, 4) (557, 2) (573, 4) (583, 3) (591, 3) (606, 4) (607, 6) (616, 4) (635, 2) (650, 4) (659, 3) (691, 3) (703, 5) (710, 3) (712, 7) (721, 4) (722, 4) (759, 6) (765, 6) (772, 1) (785, 3) (787, 3) (790, 4) (798, 4) (799, 4) (817, 3) (824, 3) (827, 6) (836, 3) (853, 4) (859, 2) (880, 4) (882, 2) (884, 3) (894, 5) (913, 3) (946, 4) (955, 4) (957, 3) (968, 5) (990, 3) (998, 5) (1013, 2) (1014, 5) (1023, 3) (1042, 5) (1047, 4) (1051, 5) (1066, 5) (1081, 3) (1092, 3) (1094, 5) (1100, 2) (1106, 3) (1116, 6) (1124, 5) (1138, 6) (1146, 3) (1149, 7) (1163, 5) (1171, 2) (1181, 3) 
server num: 107
total cost: 486455
use time: 2.46986


case: 6--3
node_num: 1200
customer_num: 480
server level: 
(5, 5) (8, 3) (33, 7) (34, 2) (35, 3) (40, 3) (58, 4) (65, 4) (87, 6) (103, 5) (104, 3) (116, 7) (117, 4) (134, 4) (140, 2) (149, 3) (150, 3) (151, 5) (154, 3) (156, 6) (169, 3) (191, 5) (198, 4) (233, 4) (239, 6) (247, 5) (258, 3) (269, 3) (275, 5) (293, 3) (312, 2) (315, 4) (342, 5) (347, 3) (368, 2) (373, 4) (396, 4) (404, 4) (412, 5) (423, 3) (432, 5) (444, 2) (465, 4) (474, 5) (491, 2) (493, 4) (498, 4) (500, 6) (510, 5) (541, 6) (545, 5) (581, 4) (625, 3) (626, 3) (658, 3) (661, 2) (665, 6) (678, 5) (683, 2) (699, 3) (706, 4) (710, 5) (714, 5) (720, 2) (747, 4) (750, 5) (753, 5) (764, 4) (767, 1) (801, 2) (803, 3) (814, 5) (815, 3) (849, 2) (857, 4) (869, 3) (886, 9) (890, 4) (895, 6) (897, 2) (903, 6) (906, 5) (925, 4) (952, 5) (953, 3) (956, 1) (972, 4) (978, 4) (1007, 6) (1028, 5) (1048, 3) (1049, 5) (1051, 4) (1068, 9) (1069, 5) (1088, 5) (1104, 4) (1112, 3) (1113, 4) (1127, 3) (1129, 3) (1141, 7) (1144, 6) (1151, 6) (1158, 3) (1194, 3) 
server num: 106
total cost: 492409
use time: 2.37064


case: 6--4
node_num: 1200
customer_num: 480
server level: 
(6, 6) (11, 4) (12, 2) (29, 2) (37, 1) (40, 2) (49, 4) (51, 3) (57, 4) (62, 3) (69, 3) (81, 3) (95, 2) (114, 3) (122, 3) (125, 3) (131, 2) (173, 4) (189, 3) (196, 3) (197, 6) (200, 3) (202, 3) (204, 5) (207, 3) (209, 2) (218, 3) (219, 3) (227, 4) (236, 3) (241, 2) (258, 3) (268, 4) (269, 4) (272, 4) (276, 6) (290, 5) (317, 3) (321, 3) (328, 3) (350, 4) (360, 4) (365, 4) (370, 1) (371, 3) (374, 2) (380, 4) (423, 3) (428, 5) (437, 3) (443, 2) (451, 2) (472, 1) (485, 4) (492, 3) (495, 4) (507, 2) (566, 3) (574, 6) (576, 5) (583, 3) (588, 3) (602, 3) (603, 2) (617, 3) (626, 3) (627, 2) (633, 4) (638, 2) (647, 4) (651, 2) (658, 6) (659, 3) (675, 3) (681, 7) (683, 3) (687, 4) (701, 4) (704, 4) (721, 4) (731, 2) (738, 3) (764, 3) (775, 4) (776, 3) (785, 3) (803, 2) (807, 6) (808, 5) (819, 3) (825, 3) (829, 3) (837, 1) (849, 0) (852, 3) (862, 2) (863, 4) (868, 2) (875, 6) (887, 5) (896, 3) (907, 5) (941, 3) (974, 1) (979, 4) (989, 4) (1003, 5) (1039, 2) (1043, 4) (1048, 2) (1055, 1) (1084, 1) (1086, 3) (1092, 4) (1113, 4) (1117, 2) (1118, 2) (1127, 2) (1131, 8) (1132, 4) (1140, 3) (1163, 6) (1181, 5) (1192, 2) (1195, 2) 
server num: 125
total cost: 503439
use time: 2.3205


case: 6--5
node_num: 1200
customer_num: 480
server level: 
(3, 5) (5, 3) (13, 2) (20, 6) (28, 3) (37, 5) (43, 5) (87, 5) (94, 5) (96, 3) (97, 3) (104, 5) (128, 3) (153, 3) (168, 3) (188, 4) (213, 5) (214, 2) (220, 4) (224, 3) (258, 7) (294, 6) (302, 4) (308, 3) (333, 4) (367, 2) (371, 3) (375, 4) (383, 3) (392, 3) (400, 1) (426, 4) (434, 5) (439, 3) (463, 3) (465, 3) (472, 3) (497, 6) (503, 3) (504, 6) (510, 5) (526, 4) (536, 3) (539, 2) (555, 7) (569, 5) (589, 4) (595, 2) (596, 1) (599, 7) (615, 6) (620, 4) (628, 6) (631, 6) (657, 4) (661, 7) (664, 4) (674, 5) (681, 3) (695, 3) (698, 3) (699, 3) (704, 5) (721, 3) (725, 4) (736, 1) (743, 2) (754, 5) (768, 3) (771, 2) (773, 4) (799, 4) (816, 8) (830, 2) (831, 3) (854, 3) (868, 5) (878, 3) (896, 3) (901, 3) (911, 4) (921, 3) (928, 3) (939, 3) (951, 4) (966, 7) (986, 3) (1000, 7) (1038, 4) (1052, 4) (1056, 5) (1060, 3) (1064, 6) (1082, 5) (1086, 4) (1100, 5) (1101, 4) (1109, 5) (1118, 5) (1134, 2) (1136, 3) (1160, 1) (1181, 3) (1182, 3) 
server num: 104
total cost: 461295
use time: 2.34865


case: 6--6
node_num: 1200
customer_num: 480
server level: 
(15, 4) (48, 3) (52, 3) (80, 1) (94, 1) (95, 4) (98, 3) (110, 2) (137, 2) (149, 1) (156, 3) (164, 2) (168, 3) (190, 2) (204, 3) (205, 2) (217, 3) (232, 4) (233, 3) (234, 5) (239, 2) (240, 2) (242, 2) (245, 4) (252, 3) (319, 1) (328, 2) (333, 2) (337, 7) (361, 4) (373, 4) (374, 4) (394, 2) (402, 6) (409, 2) (410, 3) (424, 1) (444, 3) (445, 3) (447, 2) (454, 3) (466, 4) (479, 3) (485, 4) (488, 3) (491, 2) (512, 2) (515, 3) (517, 3) (547, 3) (568, 2) (590, 2) (595, 1) (603, 4) (609, 2) (619, 4) (623, 4) (633, 4) (638, 4) (642, 3) (654, 5) (662, 2) (670, 2) (688, 3) (704, 4) (705, 3) (731, 4) (732, 4) (747, 5) (758, 6) (760, 3) (778, 5) (785, 4) (792, 2) (796, 3) (797, 3) (818, 4) (826, 3) (843, 4) (856, 4) (871, 4) (887, 4) (899, 4) (901, 2) (903, 3) (908, 3) (912, 6) (929, 3) (961, 5) (982, 4) (985, 2) (990, 7) (996, 2) (1003, 2) (1004, 4) (1010, 3) (1018, 2) (1022, 5) (1024, 5) (1077, 2) (1100, 4) (1105, 5) (1109, 5) (1117, 3) (1119, 2) (1120, 3) (1129, 2) (1138, 3) (1139, 3) (1149, 2) (1151, 3) (1152, 4) (1169, 2) (1170, 4) (1186, 6) 
server num: 115
total cost: 451935
use time: 2.3447


case: 6--7
node_num: 1200
customer_num: 480
server level: 
(7, 4) (8, 3) (10, 3) (13, 6) (14, 4) (33, 6) (38, 3) (56, 4) (62, 3) (68, 4) (74, 4) (102, 2) (106, 7) (108, 3) (113, 2) (136, 3) (139, 3) (143, 2) (157, 1) (180, 5) (181, 3) (219, 2) (221, 4) (234, 5) (248, 2) (255, 1) (256, 4) (261, 5) (273, 5) (277, 4) (289, 8) (296, 5) (315, 5) (317, 3) (333, 4) (334, 5) (349, 7) (351, 3) (364, 3) (368, 3) (383, 5) (384, 4) (408, 4) (413, 4) (422, 3) (424, 5) (437, 7) (447, 5) (450, 3) (483, 3) (486, 5) (506, 3) (521, 5) (537, 4) (539, 9) (571, 3) (581, 2) (598, 4) (624, 3) (645, 6) (648, 7) (652, 3) (657, 4) (677, 3) (711, 4) (712, 3) (716, 5) (742, 2) (744, 3) (758, 4) (765, 3) (783, 5) (790, 2) (825, 2) (847, 2) (848, 3) (856, 2) (913, 5) (918, 3) (925, 4) (935, 3) (946, 4) (948, 3) (957, 3) (970, 3) (974, 4) (999, 4) (1024, 5) (1038, 4) (1044, 3) (1052, 5) (1074, 6) (1083, 6) (1086, 4) (1087, 4) (1106, 4) (1119, 4) (1125, 5) (1127, 4) (1143, 3) (1174, 4) (1192, 6) (1198, 4) 
server num: 103
total cost: 458029
use time: 2.4193


case: 6--8
node_num: 1200
customer_num: 480
server level: 
(12, 4) (38, 4) (41, 2) (44, 3) (50, 1) (65, 3) (68, 3) (92, 4) (94, 5) (108, 5) (109, 3) (147, 4) (148, 2) (153, 3) (168, 4) (176, 5) (179, 3) (193, 4) (199, 4) (215, 3) (217, 4) (263, 3) (295, 5) (304, 5) (305, 4) (317, 3) (324, 2) (332, 4) (339, 3) (349, 4) (377, 4) (383, 2) (396, 4) (397, 2) (398, 6) (400, 5) (412, 4) (413, 4) (414, 6) (416, 2) (428, 4) (430, 6) (457, 6) (459, 1) (470, 4) (471, 4) (480, 4) (484, 2) (503, 3) (510, 8) (524, 5) (537, 5) (544, 5) (565, 4) (572, 2) (582, 6) (583, 4) (620, 6) (621, 1) (630, 2) (633, 2) (637, 4) (665, 4) (684, 5) (686, 3) (691, 4) (725, 3) (746, 3) (757, 4) (775, 4) (783, 7) (787, 6) (795, 4) (835, 3) (843, 1) (860, 4) (865, 2) (869, 3) (872, 4) (875, 4) (876, 5) (886, 0) (908, 3) (911, 4) (913, 5) (915, 3) (928, 4) (952, 4) (953, 3) (966, 5) (967, 4) (979, 4) (981, 4) (988, 3) (1023, 3) (1025, 5) (1038, 2) (1061, 4) (1073, 3) (1097, 5) (1103, 5) (1109, 7) (1146, 5) (1179, 5) (1182, 1) (1192, 8) 
server num: 106
total cost: 468744
use time: 2.46302


case: 6--9
node_num: 1200
customer_num: 480
server level: 
(6, 6) (8, 3) (19, 2) (34, 4) (53, 6) (61, 7) (66, 1) (84, 3) (90, 5) (102, 4) (124, 2) (126, 1) (153, 6) (155, 6) (184, 3) (201, 1) (205, 7) (213, 3) (214, 4) (238, 3) (248, 3) (251, 5) (253, 3) (264, 4) (266, 4) (268, 5) (270, 4) (278, 5) (287, 4) (291, 4) (306, 2) (333, 2) (344, 2) (347, 3) (348, 4) (361, 5) (375, 4) (389, 4) (397, 2) (423, 1) (442, 4) (456, 2) (459, 3) (461, 4) (470, 5) (472, 4) (497, 6) (505, 4) (507, 5) (515, 2) (548, 6) (550, 2) (554, 2) (589, 5) (595, 3) (596, 4) (624, 3) (635, 7) (639, 3) (643, 1) (648, 4) (663, 3) (673, 3) (674, 4) (675, 5) (680, 5) (694, 1) (700, 4) (701, 4) (704, 5) (739, 8) (747, 5) (748, 4) (752, 4) (782, 4) (783, 2) (788, 6) (812, 2) (845, 4) (848, 4) (862, 4) (863, 3) (884, 1) (890, 6) (896, 3) (918, 9) (937, 4) (959, 2) (967, 4) (982, 6) (994, 3) (1002, 4) (1022, 3) (1029, 4) (1036, 3) (1037, 3) (1082, 4) (1086, 4) (1127, 2) (1128, 6) (1143, 3) (1178, 2) (1179, 7) (1190, 4) (1193, 3) (1199, 3) 
server num: 106
total cost: 471136
use time: 2.41809


