case: 5--0
node_num: 600
customer_num: 240
server level: 
(0, 5) (3, 5) (6, 3) (25, 5) (47, 5) (52, 3) (60, 9) (65, 9) (70, 9) (76, 3) (84, 5) (88, 3) (119, 5) (141, 4) (144, 1) (187, 4) (236, 3) (249, 2) (254, 4) (255, 9) (256, 6) (271, 1) (290, 1) (292, 5) (321, 5) (344, 5) (345, 2) (354, 6) (365, 3) (383, 3) (384, 1) (387, 4) (396, 4) (401, 2) (413, 1) (423, 2) (431, 9) (454, 2) (481, 3) (509, 2) (512, 4) (523, 4) (530, 1) (539, 3) (548, 5) (549, 6) (555, 2) (575, 5) (590, 4) server num: 49
total cost: 217944
use time: 6.81789


case: 5--1
node_num: 600
customer_num: 240
server level: 
(2, 5) (24, 3) (63, 4) (74, 4) (106, 9) (113, 3) (130, 6) (152, 4) (166, 7) (169, 2) (192, 2) (196, 6) (211, 3) (223, 3) (239, 3) (241, 2) (242, 7) (260, 9) (276, 8) (286, 4) (293, 5) (305, 7) (315, 4) (316, 4) (324, 0) (345, 2) (346, 5) (371, 2) (380, 4) (398, 4) (434, 2) (444, 2) (448, 3) (459, 5) (495, 5) (496, 3) (503, 6) (505, 4) (506, 6) (510, 5) (552, 4) (570, 7) (574, 4) (575, 3) (595, 0) server num: 45
total cost: 203544
use time: 5.63111


case: 5--2
node_num: 600
customer_num: 240
server level: 
(6, 3) (18, 3) (38, 4) (44, 7) (48, 5) (65, 9) (68, 6) (72, 2) (80, 1) (81, 3) (83, 3) (95, 3) (97, 5) (99, 1) (103, 4) (112, 9) (136, 6) (158, 4) (162, 3) (177, 2) (182, 5) (183, 5) (190, 4) (220, 2) (224, 3) (235, 5) (241, 9) (246, 4) (262, 1) (292, 2) (311, 9) (327, 3) (348, 6) (377, 3) (395, 1) (407, 2) (414, 6) (424, 2) (427, 9) (450, 3) (460, 1) (467, 3) (481, 5) (487, 3) (490, 3) (492, 2) (501, 3) (510, 4) (522, 5) (527, 2) (573, 2) (577, 5) (596, 2) server num: 53
total cost: 228474
use time: 6.17283


case: 5--3
node_num: 600
customer_num: 240
server level: 
(6, 9) (23, 4) (25, 4) (39, 1) (63, 2) (86, 3) (91, 3) (94, 4) (119, 4) (138, 2) (162, 3) (198, 3) (209, 6) (212, 5) (214, 2) (247, 9) (279, 6) (284, 3) (291, 2) (293, 7) (304, 2) (314, 4) (342, 3) (351, 3) (358, 8) (383, 2) (402, 4) (407, 2) (415, 3) (419, 3) (423, 2) (436, 7) (458, 2) (459, 4) (463, 3) (472, 9) (473, 9) (493, 3) (495, 2) (530, 9) (548, 2) (551, 2) (553, 5) (578, 3) (581, 9) (590, 5) (591, 9) server num: 47
total cost: 217929
use time: 7.01781


case: 5--4
node_num: 600
customer_num: 240
server level: 
(0, 6) (21, 0) (26, 6) (35, 7) (60, 5) (66, 5) (95, 4) (107, 2) (113, 2) (132, 9) (149, 5) (178, 4) (187, 4) (188, 8) (209, 3) (219, 2) (228, 4) (235, 6) (242, 4) (270, 9) (271, 4) (275, 6) (278, 4) (282, 4) (291, 6) (300, 9) (308, 4) (318, 6) (321, 6) (387, 4) (396, 5) (398, 2) (430, 9) (439, 3) (459, 1) (463, 3) (479, 4) (488, 3) (495, 1) (499, 1) (516, 7) (517, 4) (520, 4) (529, 0) (536, 2) (550, 4) (553, 2) (555, 4) (561, 6) (567, 2) (572, 1) (596, 2) server num: 52
total cost: 233373
use time: 6.53927


case: 5--5
node_num: 600
customer_num: 240
server level: 
(39, 6) (44, 7) (66, 0) (67, 3) (74, 1) (76, 2) (99, 1) (115, 2) (120, 3) (123, 3) (150, 2) (156, 5) (183, 8) (190, 4) (192, 8) (203, 4) (245, 6) (257, 3) (261, 9) (262, 3) (269, 3) (287, 9) (291, 7) (294, 2) (311, 3) (342, 3) (364, 4) (381, 3) (399, 2) (401, 3) (405, 9) (427, 9) (434, 5) (441, 5) (452, 2) (455, 9) (461, 3) (471, 3) (473, 1) (479, 9) (487, 4) (491, 4) (521, 5) (563, 2) (571, 4) (578, 6) (594, 1) server num: 47
total cost: 222487
use time: 7.28012


case: 5--6
node_num: 600
customer_num: 240
server level: 
(3, 3) (7, 1) (10, 1) (22, 4) (29, 3) (62, 3) (67, 6) (84, 4) (87, 4) (98, 3) (128, 2) (154, 7) (159, 3) (163, 3) (166, 3) (211, 6) (219, 5) (231, 3) (245, 4) (248, 3) (257, 4) (258, 4) (262, 1) (265, 5) (267, 3) (276, 4) (277, 1) (283, 9) (296, 3) (315, 2) (334, 3) (350, 2) (355, 9) (378, 5) (392, 3) (400, 3) (427, 4) (439, 5) (444, 4) (445, 9) (446, 7) (447, 9) (456, 4) (463, 2) (475, 6) (491, 6) (495, 3) (505, 4) (540, 5) (559, 3) (572, 3) (578, 9) (579, 3) server num: 53
total cost: 236069
use time: 6.67447


case: 5--7
node_num: 600
customer_num: 240
server level: 
(6, 2) (17, 5) (20, 6) (47, 4) (50, 9) (53, 4) (64, 3) (75, 6) (79, 4) (105, 1) (121, 4) (150, 2) (154, 4) (171, 3) (173, 5) (179, 4) (181, 5) (187, 2) (190, 2) (194, 1) (205, 6) (209, 5) (218, 1) (220, 2) (228, 3) (240, 1) (257, 4) (261, 1) (269, 4) (287, 2) (303, 0) (304, 2) (305, 5) (308, 5) (321, 1) (327, 5) (347, 5) (348, 4) (350, 2) (370, 3) (391, 5) (392, 6) (406, 1) (437, 3) (440, 5) (441, 7) (470, 6) (477, 4) (478, 2) (480, 5) (484, 5) (514, 2) (517, 1) (526, 5) (537, 3) (548, 4) (572, 1) (599, 3) server num: 58
total cost: 227073
use time: 5.75906


case: 5--8
node_num: 600
customer_num: 240
server level: 
(10, 3) (12, 3) (22, 4) (23, 2) (31, 2) (34, 1) (38, 5) (47, 2) (56, 3) (59, 1) (60, 4) (61, 3) (62, 5) (82, 3) (85, 2) (91, 4) (97, 4) (110, 3) (113, 2) (119, 1) (128, 6) (131, 1) (151, 2) (160, 9) (169, 4) (182, 3) (194, 2) (208, 4) (234, 5) (261, 4) (288, 5) (298, 5) (339, 5) (351, 5) (359, 3) (389, 3) (398, 6) (423, 3) (428, 5) (456, 4) (465, 4) (467, 2) (487, 7) (514, 9) (540, 3) (542, 4) (560, 3) (573, 5) (576, 9) (594, 3) server num: 50
total cost: 206427
use time: 5.6344


case: 5--9
node_num: 600
customer_num: 240
server level: 
(7, 2) (18, 3) (28, 3) (29, 2) (33, 9) (37, 4) (51, 3) (52, 4) (54, 7) (76, 4) (88, 4) (101, 3) (104, 4) (112, 3) (135, 9) (148, 1) (177, 3) (180, 5) (194, 4) (195, 3) (196, 4) (200, 4) (216, 2) (220, 5) (233, 5) (235, 9) (254, 6) (258, 3) (261, 4) (305, 0) (306, 3) (311, 5) (368, 3) (380, 5) (394, 1) (430, 5) (432, 3) (448, 4) (453, 5) (473, 4) (476, 5) (489, 4) (501, 4) (508, 3) (515, 3) (526, 9) (534, 3) (535, 2) (542, 5) (562, 3) (572, 3) (581, 9) server num: 52
total cost: 239763
use time: 8.75623


