case: 5--0
node_num: 600
customer_num: 240
server level: 
(3, 5) (6, 4) (21, 2) (29, 6) (47, 4) (49, 2) (50, 5) (59, 0) (60, 7) (70, 6) (71, 6) (72, 5) (88, 3) (141, 5) (187, 5) (205, 6) (214, 4) (223, 6) (224, 5) (236, 3) (254, 4) (255, 6) (271, 1) (321, 5) (322, 6) (335, 0) (344, 4) (345, 2) (352, 5) (365, 2) (384, 2) (387, 4) (395, 5) (401, 2) (413, 1) (423, 2) (431, 6) (478, 5) (511, 5) (523, 4) (539, 4) (546, 5) (549, 5) (578, 6) (582, 4) (590, 4) 
server num: 46
total cost: 201625
use time: 60.4923


case: 5--1
node_num: 600
customer_num: 240
server level: 
(4, 6) (31, 6) (35, 6) (90, 5) (113, 3) (152, 4) (162, 5) (166, 6) (186, 5) (195, 5) (239, 3) (241, 4) (257, 3) (260, 6) (286, 5) (289, 4) (293, 5) (306, 5) (317, 5) (337, 5) (346, 5) (356, 5) (358, 4) (376, 4) (398, 4) (412, 5) (442, 4) (455, 4) (495, 5) (503, 5) (505, 4) (509, 5) (512, 5) (549, 5) (552, 4) (570, 4) (572, 4) (574, 4) (579, 4) (595, 0) 
server num: 40
total cost: 178264
use time: 47.0077


case: 5--2
node_num: 600
customer_num: 240
server level: 
(18, 3) (38, 4) (41, 7) (48, 5) (68, 6) (80, 2) (81, 3) (95, 4) (97, 6) (99, 0) (103, 4) (111, 5) (136, 6) (144, 3) (156, 5) (158, 5) (188, 1) (190, 4) (200, 5) (235, 5) (241, 6) (256, 5) (272, 6) (273, 5) (277, 5) (310, 4) (323, 3) (325, 5) (385, 4) (389, 4) (404, 2) (414, 4) (420, 1) (426, 5) (430, 4) (456, 5) (474, 4) (480, 5) (490, 4) (492, 3) (522, 4) (556, 4) (560, 3) (573, 2) (577, 5) (579, 4) (590, 5) (596, 1) 
server num: 48
total cost: 203457
use time: 52.182


case: 5--3
node_num: 600
customer_num: 240
server level: 
(0, 6) (3, 7) (6, 8) (9, 1) (65, 8) (86, 4) (119, 4) (141, 3) (162, 4) (209, 5) (247, 6) (273, 5) (275, 6) (279, 5) (284, 3) (291, 3) (293, 5) (310, 5) (326, 5) (329, 4) (331, 2) (342, 4) (358, 6) (359, 3) (361, 4) (400, 4) (407, 3) (415, 4) (432, 4) (433, 5) (434, 4) (441, 2) (450, 4) (453, 4) (457, 4) (459, 4) (463, 3) (472, 5) (517, 5) (530, 5) (545, 4) (551, 2) (553, 5) (591, 5) 
server num: 44
total cost: 195610
use time: 48.6336


case: 5--4
node_num: 600
customer_num: 240
server level: 
(35, 6) (50, 6) (51, 7) (64, 6) (66, 5) (87, 6) (101, 5) (102, 5) (107, 2) (133, 6) (149, 5) (178, 5) (186, 6) (190, 2) (209, 4) (219, 3) (228, 5) (242, 4) (263, 4) (269, 4) (271, 5) (275, 5) (276, 4) (282, 4) (291, 5) (300, 5) (304, 3) (308, 4) (318, 5) (320, 4) (321, 5) (324, 5) (351, 5) (365, 5) (382, 1) (392, 4) (396, 4) (415, 3) (430, 5) (480, 4) (488, 3) (516, 5) (529, 0) (536, 3) (555, 4) (561, 5) (564, 5) (596, 2) 
server num: 48
total cost: 211934
use time: 49.1518


case: 5--5
node_num: 600
customer_num: 240
server level: 
(39, 5) (44, 7) (56, 7) (67, 4) (71, 6) (91, 7) (97, 4) (102, 6) (105, 6) (108, 1) (116, 0) (143, 4) (150, 2) (192, 6) (203, 5) (228, 3) (245, 5) (269, 4) (280, 6) (291, 7) (294, 2) (342, 4) (350, 6) (364, 4) (381, 3) (406, 5) (427, 5) (428, 6) (434, 5) (441, 5) (452, 2) (455, 6) (461, 3) (462, 2) (473, 1) (475, 5) (476, 6) (491, 4) (521, 5) (543, 5) (548, 3) (561, 6) (576, 6) 
server num: 43
total cost: 202902
use time: 45.5156


case: 5--6
node_num: 600
customer_num: 240
server level: 
(0, 7) (10, 3) (22, 4) (29, 3) (41, 6) (42, 7) (59, 1) (72, 4) (84, 5) (91, 8) (104, 5) (159, 3) (166, 4) (183, 3) (193, 5) (211, 5) (216, 5) (234, 4) (245, 5) (248, 3) (257, 4) (258, 3) (265, 4) (267, 4) (273, 3) (280, 5) (283, 5) (296, 3) (303, 5) (321, 5) (334, 4) (378, 4) (400, 3) (415, 4) (418, 1) (427, 4) (439, 4) (444, 4) (447, 5) (456, 5) (475, 4) (491, 5) (501, 5) (525, 4) (526, 4) (527, 4) (540, 5) (559, 3) (577, 4) 
server num: 49
total cost: 211692
use time: 58.9874


case: 5--7
node_num: 600
customer_num: 240
server level: 
(47, 3) (50, 6) (53, 5) (64, 3) (75, 5) (103, 5) (124, 4) (150, 4) (152, 4) (173, 5) (180, 4) (194, 2) (204, 4) (205, 4) (218, 3) (235, 4) (253, 4) (254, 4) (261, 2) (265, 4) (269, 5) (283, 4) (287, 2) (302, 4) (303, 0) (305, 5) (308, 4) (321, 1) (324, 2) (325, 4) (334, 3) (340, 5) (346, 4) (347, 4) (348, 4) (370, 4) (371, 4) (373, 4) (393, 3) (406, 2) (426, 5) (470, 4) (471, 4) (482, 4) (514, 3) (526, 4) (531, 3) (537, 4) (548, 4) (559, 3) (572, 1) (575, 4) (599, 4) 
server num: 53
total cost: 205542
use time: 57.5206


case: 5--8
node_num: 600
customer_num: 240
server level: 
(1, 7) (2, 5) (17, 5) (22, 4) (31, 2) (38, 4) (52, 3) (62, 5) (86, 2) (87, 1) (94, 5) (95, 3) (97, 4) (113, 3) (126, 5) (128, 5) (160, 6) (170, 4) (205, 3) (208, 3) (215, 4) (263, 4) (290, 4) (298, 5) (304, 3) (322, 4) (337, 5) (340, 4) (351, 5) (365, 4) (389, 4) (403, 2) (423, 3) (427, 4) (428, 4) (455, 4) (456, 4) (488, 4) (505, 4) (514, 5) (537, 3) (540, 3) (542, 4) (556, 4) (560, 4) (567, 1) 
server num: 46
total cost: 183958
use time: 47.3823


case: 5--9
node_num: 600
customer_num: 240
server level: 
(3, 8) (28, 4) (37, 5) (51, 2) (54, 5) (60, 6) (62, 5) (81, 5) (101, 3) (109, 5) (120, 4) (136, 6) (148, 2) (150, 5) (166, 6) (180, 4) (189, 4) (194, 3) (196, 4) (200, 4) (220, 4) (244, 5) (254, 5) (258, 3) (305, 0) (306, 2) (353, 2) (360, 5) (368, 4) (376, 5) (394, 0) (405, 4) (406, 4) (407, 4) (430, 4) (432, 3) (446, 2) (450, 5) (455, 4) (480, 4) (485, 5) (524, 5) (526, 5) (535, 2) (555, 5) (557, 4) (558, 5) (581, 4) (582, 5) (583, 4) 
server num: 50
total cost: 211841
use time: 56.2028


