case: 5--0
node_num: 600
customer_num: 240
server level: 
(3, 5) (6, 3) (21, 1) (29, 5) (47, 5) (50, 4) (51, 3) (70, 6) (71, 3) (88, 3) (119, 5) (141, 4) (144, 0) (187, 4) (205, 7) (223, 4) (224, 3) (236, 3) (249, 2) (254, 4) (255, 6) (271, 1) (282, 4) (290, 1) (301, 4) (321, 5) (322, 5) (344, 4) (345, 2) (352, 5) (365, 3) (384, 2) (387, 4) (392, 5) (401, 2) (413, 1) (423, 2) (431, 5) (454, 4) (476, 5) (478, 7) (511, 4) (523, 4) (539, 3) (546, 5) (548, 4) (577, 4) (578, 5) (590, 4) 
server num: 49
total cost: 202030
use time: 20.4067


case: 5--1
node_num: 600
customer_num: 240
server level: 
(4, 6) (31, 3) (33, 6) (35, 6) (60, 5) (61, 3) (90, 4) (113, 3) (133, 2) (152, 4) (162, 4) (166, 6) (186, 5) (195, 6) (239, 3) (241, 4) (257, 2) (260, 6) (286, 4) (289, 5) (293, 5) (306, 3) (317, 2) (335, 5) (346, 4) (355, 4) (358, 2) (376, 6) (380, 3) (396, 3) (398, 4) (442, 2) (455, 4) (495, 5) (503, 5) (505, 4) (509, 4) (549, 4) (552, 4) (570, 5) (572, 4) (574, 4) (579, 4) (595, 0) 
server num: 44
total cost: 180465
use time: 16.7791


case: 5--2
node_num: 600
customer_num: 240
server level: 
(18, 3) (38, 3) (41, 3) (48, 5) (68, 6) (80, 2) (81, 3) (95, 4) (97, 5) (99, 0) (103, 5) (110, 4) (111, 2) (112, 6) (136, 5) (144, 2) (155, 3) (156, 3) (158, 4) (188, 1) (190, 4) (202, 4) (235, 5) (241, 7) (256, 4) (262, 1) (272, 5) (277, 4) (314, 4) (323, 2) (325, 4) (349, 6) (385, 3) (388, 3) (389, 4) (414, 5) (420, 1) (426, 7) (430, 5) (456, 3) (474, 2) (490, 3) (492, 3) (521, 4) (522, 2) (554, 2) (556, 4) (560, 3) (573, 2) (577, 4) (579, 4) (590, 6) (596, 1) 
server num: 53
total cost: 205807
use time: 20.9219


case: 5--3
node_num: 600
customer_num: 240
server level: 
(0, 4) (3, 4) (6, 8) (45, 4) (65, 7) (71, 3) (86, 3) (119, 4) (141, 2) (162, 4) (171, 4) (209, 6) (247, 5) (255, 3) (273, 3) (275, 7) (279, 5) (284, 3) (291, 3) (293, 5) (326, 3) (329, 3) (331, 1) (342, 4) (356, 3) (358, 7) (361, 3) (362, 3) (400, 3) (415, 3) (432, 3) (433, 7) (434, 3) (441, 2) (450, 4) (453, 4) (459, 4) (463, 3) (493, 4) (495, 2) (517, 5) (530, 7) (545, 5) (548, 2) (551, 3) (553, 5) (591, 6) 
server num: 47
total cost: 197053
use time: 19.8649


case: 5--4
node_num: 600
customer_num: 240
server level: 
(21, 1) (35, 6) (50, 6) (51, 6) (64, 5) (66, 5) (81, 3) (87, 4) (101, 5) (102, 4) (107, 2) (113, 3) (131, 4) (133, 3) (149, 5) (165, 5) (178, 5) (186, 6) (209, 4) (228, 2) (238, 6) (242, 4) (263, 2) (269, 3) (271, 4) (275, 4) (276, 4) (282, 4) (291, 5) (300, 5) (304, 3) (308, 3) (318, 5) (320, 7) (321, 5) (346, 2) (351, 6) (382, 1) (392, 4) (395, 4) (396, 4) (437, 2) (480, 5) (488, 3) (515, 4) (516, 5) (529, 0) (536, 2) (545, 4) (555, 3) (561, 5) (596, 2) 
server num: 52
total cost: 214090
use time: 19.5412


case: 5--5
node_num: 600
customer_num: 240
server level: 
(34, 6) (39, 6) (49, 2) (56, 7) (67, 4) (71, 7) (74, 1) (91, 7) (99, 1) (104, 3) (115, 3) (116, 0) (150, 2) (156, 3) (192, 7) (203, 4) (228, 3) (245, 5) (269, 4) (280, 6) (291, 6) (294, 2) (311, 4) (320, 2) (342, 4) (350, 7) (364, 4) (378, 4) (381, 3) (386, 2) (427, 7) (428, 4) (430, 4) (434, 5) (441, 5) (455, 4) (461, 3) (473, 1) (475, 5) (476, 7) (485, 3) (491, 4) (521, 4) (543, 3) (548, 3) (571, 4) (576, 5) 
server num: 47
total cost: 204924
use time: 19.1578


case: 5--6
node_num: 600
customer_num: 240
server level: 
(0, 5) (1, 5) (10, 3) (22, 4) (84, 3) (87, 4) (91, 5) (101, 2) (104, 3) (128, 2) (159, 3) (166, 4) (183, 3) (190, 4) (193, 5) (211, 5) (216, 2) (218, 3) (219, 3) (234, 3) (245, 4) (248, 3) (255, 4) (257, 4) (258, 4) (262, 2) (265, 4) (267, 3) (283, 6) (296, 3) (302, 3) (303, 4) (320, 6) (321, 7) (334, 3) (364, 3) (378, 4) (400, 3) (415, 5) (427, 4) (439, 4) (444, 4) (447, 6) (456, 4) (475, 4) (491, 5) (501, 4) (525, 4) (526, 4) (527, 4) (540, 3) (559, 3) (577, 5) 
server num: 53
total cost: 213205
use time: 20.2256


case: 5--7
node_num: 600
customer_num: 240
server level: 
(19, 5) (47, 3) (50, 5) (53, 4) (64, 3) (75, 5) (99, 4) (103, 2) (124, 4) (125, 4) (150, 3) (152, 3) (173, 5) (179, 4) (180, 3) (187, 2) (194, 2) (204, 5) (205, 5) (218, 2) (220, 1) (235, 2) (240, 2) (254, 4) (257, 4) (261, 2) (287, 2) (302, 3) (303, 0) (304, 2) (305, 4) (308, 4) (321, 1) (324, 2) (325, 5) (346, 4) (348, 4) (370, 4) (371, 3) (372, 3) (373, 4) (393, 4) (406, 2) (426, 4) (470, 4) (472, 4) (478, 2) (482, 3) (514, 3) (521, 5) (526, 4) (531, 2) (537, 3) (547, 4) (550, 4) (572, 1) (575, 4) (599, 3) 
server num: 58
total cost: 208461
use time: 21.103


case: 5--8
node_num: 600
customer_num: 240
server level: 
(1, 4) (22, 4) (31, 2) (38, 4) (51, 4) (52, 3) (64, 3) (94, 3) (95, 2) (97, 4) (113, 3) (128, 5) (160, 5) (166, 5) (170, 2) (205, 3) (208, 3) (215, 4) (263, 4) (285, 3) (286, 4) (290, 5) (298, 5) (304, 2) (321, 5) (322, 3) (337, 4) (340, 3) (351, 4) (365, 5) (380, 2) (389, 3) (396, 4) (403, 2) (423, 3) (427, 4) (428, 4) (456, 4) (457, 3) (461, 2) (485, 3) (488, 4) (505, 4) (507, 4) (537, 3) (540, 3) (542, 4) (556, 4) (560, 3) (567, 1) 
server num: 50
total cost: 185680
use time: 19.0994


case: 5--9
node_num: 600
customer_num: 240
server level: 
(0, 3) (28, 4) (46, 3) (51, 3) (54, 6) (62, 3) (69, 3) (81, 4) (101, 3) (104, 4) (109, 5) (110, 3) (120, 4) (136, 5) (148, 3) (150, 4) (166, 3) (180, 5) (189, 5) (194, 3) (195, 3) (196, 4) (200, 4) (205, 5) (220, 5) (244, 4) (254, 6) (258, 3) (305, 0) (306, 2) (353, 2) (360, 8) (368, 4) (376, 7) (394, 0) (405, 4) (406, 4) (407, 3) (430, 4) (432, 3) (450, 4) (455, 3) (459, 4) (485, 4) (524, 5) (526, 7) (555, 3) (557, 3) (558, 3) (581, 4) (582, 7) (583, 4) 
server num: 52
total cost: 214951
use time: 23.0011


