case: 5--0
node_num: 600
customer_num: 240
server level: 
(0, 4) (21, 2) (29, 4) (47, 4) (49, 2) (50, 4) (70, 4) (71, 4) (72, 4) (88, 3) (141, 4) (178, 4) (187, 4) (205, 4) (214, 3) (223, 4) (224, 4) (236, 3) (254, 4) (255, 4) (271, 1) (282, 4) (290, 1) (301, 4) (321, 4) (322, 4) (335, 0) (344, 4) (345, 2) (351, 4) (365, 2) (383, 4) (384, 2) (387, 4) (392, 4) (393, 4) (395, 4) (401, 2) (413, 1) (423, 2) (431, 4) (476, 4) (478, 4) (511, 4) (523, 4) (539, 3) (545, 4) (546, 4) (548, 4) (577, 4) (578, 4) (582, 4) (590, 4) 
total cost: 199605
use time: 19.4015


case: 5--1
node_num: 600
customer_num: 240
server level: 
(4, 4) (31, 4) (35, 4) (60, 4) (90, 4) (113, 3) (145, 1) (152, 4) (162, 4) (186, 4) (195, 4) (236, 4) (238, 4) (239, 3) (241, 4) (257, 3) (260, 4) (286, 4) (289, 4) (293, 4) (306, 4) (317, 4) (337, 4) (346, 4) (355, 4) (357, 4) (358, 4) (376, 4) (396, 4) (398, 4) (412, 4) (442, 4) (455, 4) (487, 4) (495, 4) (503, 4) (505, 4) (509, 4) (512, 4) (549, 4) (552, 4) (570, 4) (572, 4) (574, 4) (579, 4) (595, 0) 
total cost: 177479
use time: 17.7101

case0: 198627
(0, 4) (3, 5) (21, 1) (29, 4) (47, 4) (49, 1) (50, 4) (70, 4) (71, 5) (88, 3) (135, 4) (141, 4) (178, 4) (179, 4) (187, 4) (205, 4) (214, 3) (223, 4) (224, 4) (236, 3) (254, 4) (255, 5) (269, 2) (271, 1) (282, 4) (290, 1) (301, 4) (321, 4) (335, 0) (344, 4) (345, 2) (351, 4) (352, 4) (365, 2) (384, 2) (387, 4) (392, 4) (393, 4) (395, 4) (401, 2) (413, 1) (423, 2) (431, 4) (476, 4) (478, 4) (511, 4) (523, 4) (539, 3) (545, 4) (546, 4) (578, 5) (582, 3) (590, 4) 53

case1: 176786
(4, 4) (31, 5) (35, 4) (60, 4) (62, 4) (90, 4) (113, 3) (129, 3) (133, 4) (145, 2) (152, 3) (162, 4) (166, 5) (186, 5) (195, 4) (239, 3) (241, 4) (257, 3) (260, 4) (286, 5) (289, 4) (306, 5) (317, 4) (337, 5) (343, 3) (346, 4) (355, 4) (358, 3) (376, 4) (396, 4) (398, 4) (412, 5) (442, 4) (488, 4) (495, 5) (505, 4) (509, 5) (512, 4) (549, 4) (552, 4) (570, 4) (572, 3) (574, 4) (579, 4) (595, 0) 45

4 31 35 60 62 90 113 133 145 152 162 166 186 195 239 241 257 260 286 289 293 306 317 337 343 346 355 357 358 376 396 398 412 442 487 488 495 505 509 512 549 552 570 572 574 579 595