1200 5267 480

0 25 200
1 50 500
2 75 800
3 100 1200
4 125 1300
5 150 1600
6 175 2000
7 200 2400
8 225 2600
9 250 3000

0 700
1 1200
2 1200
3 1200
4 1200
5 1200
6 1200
7 700
8 200
9 700
10 1200
11 1700
12 1200
13 1700
14 1700
15 700
16 700
17 700
18 700
19 1700
20 1700
21 1700
22 1700
23 1200
24 700
25 1200
26 700
27 700
28 1700
29 700
30 700
31 1200
32 700
33 1200
34 1700
35 1200
36 1200
37 1700
38 700
39 700
40 1700
41 1700
42 1700
43 1700
44 700
45 1200
46 1700
47 1700
48 1700
49 1700
50 1200
51 1200
52 1200
53 1200
54 1200
55 1200
56 700
57 1700
58 1200
59 1200
60 1200
61 1700
62 1200
63 1200
64 1700
65 1200
66 1700
67 700
68 1700
69 1700
70 700
71 1700
72 1700
73 1700
74 1700
75 1700
76 1700
77 1700
78 1700
79 1700
80 1700
81 1200
82 1200
83 200
84 1200
85 1200
86 1200
87 1200
88 1200
89 700
90 1200
91 700
92 1200
93 1700
94 700
95 1700
96 1700
97 1700
98 700
99 1700
100 700
101 700
102 700
103 1700
104 700
105 700
106 1200
107 700
108 1200
109 700
110 1700
111 1700
112 1700
113 200
114 200
115 200
116 700
117 200
118 1700
119 700
120 700
121 1700
122 1700
123 700
124 1700
125 1200
126 1200
127 1200
128 1200
129 1200
130 1200
131 1200
132 1200
133 700
134 1200
135 1700
136 700
137 700
138 1700
139 1700
140 700
141 700
142 1700
143 1200
144 1700
145 1200
146 700
147 1700
148 1200
149 1700
150 700
151 1700
152 1200
153 700
154 700
155 1700
156 1700
157 1700
158 1700
159 700
160 1700
161 1700
162 1700
163 1700
164 1700
165 1700
166 1700
167 1200
168 700
169 1700
170 1700
171 1700
172 700
173 700
174 1700
175 1200
176 1200
177 700
178 700
179 700
180 700
181 1700
182 700
183 1700
184 1700
185 1700
186 1700
187 1700
188 1200
189 200
190 1200
191 1200
192 1200
193 1200
194 1700
195 1700
196 1200
197 700
198 1700
199 700
200 700
201 700
202 1200
203 700
204 1700
205 1200
206 700
207 1700
208 1700
209 1700
210 1200
211 1200
212 1200
213 1700
214 700
215 1700
216 1200
217 1700
218 1700
219 1700
220 1700
221 700
222 1700
223 1700
224 1700
225 1200
226 1200
227 1200
228 1200
229 1700
230 1700
231 1200
232 1700
233 1700
234 700
235 700
236 1700
237 1700
238 1200
239 1700
240 1200
241 1200
242 1700
243 1200
244 1700
245 700
246 1200
247 1200
248 1200
249 1200
250 1200
251 200
252 1700
253 1700
254 700
255 700
256 700
257 1700
258 1700
259 1700
260 700
261 700
262 700
263 700
264 1700
265 700
266 700
267 1700
268 1200
269 1700
270 1200
271 1200
272 1700
273 1200
274 1700
275 1200
276 1200
277 1200
278 1200
279 700
280 700
281 1700
282 700
283 1200
284 1700
285 1200
286 1700
287 1700
288 700
289 1700
290 1700
291 1200
292 1700
293 1700
294 1700
295 1200
296 700
297 1200
298 1700
299 1700
300 1700
301 1200
302 700
303 1200
304 700
305 700
306 1700
307 1200
308 1700
309 1700
310 1200
311 1200
312 1200
313 1700
314 1700
315 700
316 1200
317 1200
318 1700
319 1700
320 1200
321 1200
322 700
323 1700
324 1700
325 700
326 1700
327 700
328 1700
329 700
330 1200
331 1200
332 1200
333 700
334 1700
335 700
336 1200
337 700
338 1700
339 1700
340 700
341 700
342 1200
343 1700
344 700
345 1700
346 1700
347 1200
348 1200
349 200
350 1200
351 1700
352 700
353 700
354 1200
355 1200
356 1200
357 1200
358 1200
359 700
360 700
361 1700
362 700
363 700
364 1700
365 1700
366 700
367 700
368 700
369 1700
370 700
371 1700
372 1200
373 1700
374 1700
375 1700
376 700
377 1700
378 1200
379 1200
380 1200
381 1200
382 1200
383 1700
384 700
385 700
386 700
387 700
388 1700
389 1700
390 1700
391 700
392 1700
393 1200
394 1700
395 1200
396 1200
397 1200
398 1200
399 1700
400 700
401 1700
402 1200
403 1700
404 1200
405 700
406 700
407 1200
408 1700
409 1700
410 1700
411 1700
412 1700
413 700
414 700
415 1200
416 700
417 1200
418 1200
419 1700
420 1200
421 1200
422 200
423 700
424 1700
425 700
426 1700
427 1700
428 1700
429 700
430 1700
431 700
432 1700
433 1700
434 700
435 1200
436 1200
437 1700
438 700
439 1700
440 1200
441 700
442 1700
443 700
444 1700
445 1200
446 1200
447 1200
448 1200
449 700
450 1200
451 1700
452 1700
453 1700
454 1700
455 1700
456 700
457 1200
458 1700
459 700
460 1700
461 1200
462 1700
463 1700
464 1700
465 1200
466 1200
467 700
468 1200
469 1200
470 700
471 1700
472 1700
473 1700
474 1200
475 1200
476 1700
477 1200
478 700
479 700
480 1700
481 1700
482 700
483 1200
484 200
485 700
486 1700
487 1700
488 700
489 1700
490 700
491 1700
492 1700
493 200
494 1200
495 1200
496 1200
497 1200
498 1200
499 700
500 700
501 1200
502 1700
503 700
504 1200
505 1700
506 1700
507 1700
508 1700
509 1700
510 1700
511 1700
512 1200
513 1200
514 1700
515 700
516 1200
517 1200
518 200
519 1700
520 700
521 1200
522 1700
523 1700
524 1700
525 1200
526 700
527 1700
528 1700
529 200
530 1200
531 1200
532 1200
533 200
534 200
535 1200
536 1200
537 1200
538 700
539 1700
540 1200
541 700
542 1700
543 1700
544 1200
545 700
546 700
547 1700
548 700
549 1700
550 1200
551 1700
552 1700
553 1200
554 200
555 1200
556 700
557 1200
558 1200
559 1200
560 1200
561 1700
562 1200
563 1700
564 1700
565 1700
566 700
567 1700
568 1700
569 1700
570 1200
571 1700
572 1700
573 1700
574 700
575 1200
576 1200
577 700
578 1200
579 1200
580 1200
581 1200
582 1700
583 1700
584 1700
585 700
586 1700
587 1700
588 1700
589 1700
590 1700
591 200
592 1200
593 1700
594 1700
595 1700
596 700
597 1700
598 1700
599 1700
600 700
601 1700
602 1200
603 700
604 700
605 700
606 1700
607 1700
608 1200
609 1700
610 1200
611 1200
612 1700
613 700
614 1200
615 1200
616 1200
617 1700
618 1700
619 1700
620 1200
621 700
622 700
623 700
624 1700
625 1200
626 1200
627 1200
628 1700
629 700
630 1200
631 1700
632 1700
633 1700
634 1700
635 700
636 1700
637 1700
638 1700
639 1200
640 700
641 700
642 1200
643 1200
644 1200
645 1200
646 200
647 200
648 200
649 1700
650 1700
651 1700
652 1700
653 700
654 700
655 1700
656 1700
657 1700
658 1700
659 1200
660 1700
661 1700
662 700
663 1700
664 700
665 1200
666 700
667 1200
668 1200
669 700
670 1200
671 1200
672 1200
673 1700
674 1200
675 700
676 1200
677 1700
678 1700
679 700
680 700
681 1700
682 1700
683 1700
684 1700
685 200
686 1200
687 700
688 1700
689 700
690 700
691 1700
692 1700
693 1700
694 700
695 1200
696 1200
697 700
698 1200
699 1200
700 1700
701 1700
702 700
703 700
704 1700
705 1700
706 700
707 1200
708 1700
709 200
710 200
711 1700
712 1700
713 700
714 1700
715 700
716 700
717 700
718 1200
719 1200
720 1200
721 1200
722 1200
723 1200
724 700
725 1200
726 1700
727 1700
728 1700
729 1700
730 1700
731 1700
732 1200
733 1200
734 1200
735 1200
736 1700
737 1700
738 700
739 700
740 200
741 200
742 1200
743 1200
744 1200
745 700
746 700
747 1700
748 1700
749 1700
750 1200
751 1200
752 1200
753 1200
754 1700
755 1700
756 700
757 1200
758 1700
759 1700
760 700
761 1700
762 1700
763 700
764 1700
765 1700
766 700
767 1700
768 700
769 1700
770 1200
771 1200
772 1200
773 1700
774 700
775 1700
776 1700
777 1700
778 700
779 1700
780 1200
781 1200
782 1200
783 1200
784 1700
785 700
786 1700
787 700
788 1700
789 1700
790 1700
791 1700
792 1700
793 1700
794 1700
795 1700
796 1700
797 1700
798 1700
799 700
800 1200
801 1200
802 1200
803 1200
804 700
805 1200
806 1200
807 700
808 1700
809 1200
810 1700
811 1700
812 700
813 1200
814 1200
815 1700
816 1700
817 1700
818 1700
819 1200
820 1700
821 1200
822 700
823 700
824 700
825 1700
826 200
827 1200
828 1700
829 1200
830 1700
831 1700
832 1700
833 1700
834 1700
835 700
836 200
837 1200
838 200
839 200
840 1200
841 1200
842 1200
843 1200
844 1200
845 1200
846 700
847 1700
848 1700
849 1700
850 1700
851 700
852 1200
853 1700
854 1700
855 1700
856 700
857 700
858 700
859 1200
860 1200
861 700
862 700
863 700
864 1700
865 1200
866 1700
867 700
868 1700
869 1200
870 1200
871 1200
872 1700
873 700
874 700
875 1700
876 1200
877 700
878 700
879 1700
880 1200
881 1200
882 1200
883 700
884 1200
885 1200
886 700
887 700
888 700
889 700
890 700
891 700
892 1700
893 1700
894 1700
895 700
896 700
897 700
898 1700
899 700
900 1200
901 1200
902 1200
903 1200
904 1200
905 1700
906 1200
907 1200
908 1700
909 1200
910 1200
911 1200
912 1200
913 1200
914 1200
915 1200
916 1200
917 1200
918 1700
919 700
920 1700
921 1700
922 700
923 700
924 700
925 1700
926 1200
927 700
928 1700
929 700
930 700
931 1700
932 1700
933 1200
934 1700
935 700
936 1700
937 700
938 1700
939 1200
940 1700
941 700
942 1700
943 1700
944 1200
945 700
946 700
947 1700
948 1700
949 1200
950 1200
951 1200
952 1200
953 1200
954 1200
955 1200
956 1200
957 1200
958 1200
959 1700
960 1200
961 1700
962 1700
963 1700
964 1700
965 700
966 1700
967 1700
968 700
969 1700
970 1200
971 1200
972 1700
973 700
974 700
975 1200
976 700
977 1700
978 1200
979 1200
980 1700
981 1700
982 700
983 1700
984 1700
985 700
986 1700
987 700
988 1700
989 1700
990 1700
991 1700
992 1700
993 1700
994 700
995 1200
996 1200
997 1700
998 1700
999 700
1000 1200
1001 1200
1002 700
1003 1700
1004 1700
1005 1700
1006 1700
1007 1700
1008 700
1009 200
1010 1200
1011 1200
1012 1200
1013 200
1014 200
1015 1200
1016 1200
1017 700
1018 700
1019 1700
1020 1700
1021 1200
1022 700
1023 1200
1024 1200
1025 1700
1026 1700
1027 700
1028 1700
1029 200
1030 1200
1031 700
1032 700
1033 1200
1034 1200
1035 700
1036 1700
1037 1700
1038 1700
1039 200
1040 200
1041 1200
1042 1200
1043 700
1044 1200
1045 700
1046 1700
1047 1700
1048 1700
1049 1700
1050 1700
1051 1700
1052 1700
1053 1700
1054 1700
1055 1200
1056 1200
1057 1200
1058 1200
1059 1200
1060 1700
1061 1200
1062 1700
1063 1700
1064 700
1065 1200
1066 1700
1067 700
1068 700
1069 1700
1070 1700
1071 1700
1072 1700
1073 1700
1074 700
1075 1200
1076 1200
1077 700
1078 1700
1079 1700
1080 700
1081 1200
1082 1200
1083 1200
1084 1200
1085 1700
1086 1700
1087 700
1088 1700
1089 700
1090 700
1091 1200
1092 1200
1093 1200
1094 1200
1095 200
1096 200
1097 200
1098 1700
1099 1700
1100 1700
1101 1700
1102 1700
1103 1700
1104 700
1105 1700
1106 700
1107 1700
1108 700
1109 1700
1110 1700
1111 700
1112 1200
1113 1700
1114 700
1115 1200
1116 1200
1117 1200
1118 1200
1119 1200
1120 1200
1121 1200
1122 700
1123 1700
1124 1700
1125 700
1126 1700
1127 700
1128 1200
1129 700
1130 700
1131 1200
1132 1700
1133 700
1134 1700
1135 1700
1136 1700
1137 1700
1138 1700
1139 1700
1140 700
1141 1200
1142 1700
1143 1700
1144 700
1145 1700
1146 1700
1147 700
1148 1200
1149 1700
1150 1200
1151 1200
1152 1200
1153 1200
1154 700
1155 700
1156 1700
1157 700
1158 1700
1159 700
1160 700
1161 1700
1162 1700
1163 1200
1164 1700
1165 1700
1166 700
1167 1700
1168 1700
1169 1700
1170 1200
1171 1200
1172 1200
1173 1700
1174 1200
1175 1200
1176 700
1177 1700
1178 1700
1179 700
1180 1200
1181 700
1182 1700
1183 700
1184 1700
1185 1200
1186 1200
1187 700
1188 700
1189 700
1190 1700
1191 1700
1192 1200
1193 1200
1194 700
1195 700
1196 1700
1197 200
1198 1200
1199 1200

0 1 7 8
0 2 9 6
0 3 18 8
0 4 49 10
0 5 40 1
0 6 19 7
0 7 25 9
0 8 44 9
0 86 16 8
0 250 42 2
0 397 17 5
0 417 29 6
0 447 11 1
0 536 18 7
0 570 39 5
0 720 13 4
0 721 36 3
0 1017 45 1
0 1151 7 6
1 2 13 5
1 3 1 10
1 4 27 3
1 5 19 10
1 6 23 6
1 9 40 10
1 10 15 1
1 11 23 2
1 12 4 1
1 35 34 5
1 193 34 1
1 277 39 4
1 320 35 4
1 380 49 7
1 398 3 4
1 417 32 9
1 436 21 8
1 447 17 1
1 620 40 8
1 627 22 10
1 644 14 9
1 669 19 8
1 696 41 8
1 751 26 3
1 752 36 2
1 771 43 2
1 781 7 5
1 835 12 5
1 995 8 7
1 1001 21 5
2 3 25 3
2 4 48 9
2 5 40 8
2 6 13 3
2 13 38 2
2 14 6 8
2 107 43 5
2 175 7 2
2 228 30 1
2 310 15 4
2 311 38 2
2 516 14 2
2 610 5 9
2 642 24 10
2 870 36 7
2 883 24 7
2 1031 23 7
2 1034 5 9
2 1055 29 6
2 1121 6 1
2 1171 44 3
3 4 44 6
3 5 23 7
3 6 37 6
3 15 44 7
3 16 11 5
3 17 3 2
3 18 30 3
3 19 20 1
3 20 36 8
3 55 21 6
3 175 24 4
3 210 49 3
3 297 8 9
3 321 42 5
3 382 40 4
3 468 41 4
3 525 37 7
3 538 43 1
3 555 37 5
3 841 13 10
3 911 33 4
3 1001 32 2
3 1057 42 5
3 1081 25 4
3 1093 26 7
3 1117 43 4
3 1152 50 4
3 1186 11 9
4 5 6 2
4 6 32 1
4 21 33 7
4 22 26 3
4 23 30 5
4 24 3 6
4 25 1 1
4 45 30 4
4 87 16 3
4 107 28 4
4 277 44 8
4 296 17 10
4 355 5 10
4 466 17 2
4 498 16 8
4 578 45 6
4 611 3 3
4 668 5 4
4 698 34 8
4 805 33 3
4 871 49 2
4 1080 25 2
4 1092 12 4
5 6 5 8
5 26 14 2
5 27 28 5
5 28 36 1
5 29 27 9
5 30 3 5
5 31 7 1
5 36 28 4
5 191 12 3
5 227 9 10
5 247 20 7
5 330 47 7
5 515 7 10
5 525 48 6
5 556 38 3
5 626 30 7
5 805 33 1
5 1016 5 5
5 1186 5 8
6 32 1 3
6 33 23 4
6 34 27 8
6 56 49 5
6 126 44 7
6 129 14 8
6 210 6 8
6 332 27 5
6 350 1 7
6 357 39 5
6 435 8 6
6 497 24 2
6 570 30 8
6 577 11 3
6 620 16 8
6 771 48 7
6 783 20 4
6 835 19 8
6 845 29 9
6 883 6 1
6 912 28 2
6 955 40 10
6 958 37 8
6 1170 38 7
7 25 32 4
10 511 32 10
11 502 9 5
12 476 21 10
12 903 41 7
13 188 13 5
13 819 13 2
14 65 39 9
14 909 12 8
15 456 15 5
18 199 40 9
18 876 27 5
21 238 34 2
22 37 27 1
22 1010 38 2
23 684 14 8
23 944 50 6
25 767 35 4
25 1079 4 3
28 318 17 9
31 288 20 7
31 521 30 2
31 773 39 9
31 1012 28 7
33 613 28 3
33 779 38 8
35 36 25 10
35 37 37 9
35 38 21 7
35 45 30 10
35 85 15 2
35 86 1 10
35 107 13 1
35 108 47 8
35 128 39 5
35 132 7 5
35 176 40 6
35 177 45 1
35 190 32 8
35 226 42 10
35 250 14 3
35 295 18 3
35 296 45 8
35 320 34 2
35 330 21 2
35 350 27 7
35 436 45 9
35 448 15 9
35 470 10 10
35 497 49 8
35 525 12 5
35 526 33 10
35 557 28 8
35 570 40 6
35 580 25 6
35 610 45 2
35 669 9 3
35 695 11 3
35 697 25 8
35 751 24 10
35 752 33 8
35 782 16 9
35 803 7 4
35 843 8 6
35 870 14 7
35 913 1 5
35 950 10 1
35 951 8 7
35 995 35 7
35 1000 36 6
35 1016 47 9
35 1033 50 3
35 1055 41 4
35 1093 12 8
35 1094 12 8
35 1115 31 10
35 1153 16 3
35 1185 1 5
35 1186 29 7
36 39 49 7
36 40 16 5
36 41 5 4
36 42 38 1
36 43 21 8
36 44 34 7
36 45 45 4
36 53 44 9
36 55 25 4
36 193 2 7
36 210 28 10
36 226 11 4
36 248 7 5
36 275 35 10
36 276 24 7
36 311 13 2
36 321 27 4
36 333 13 8
36 356 21 3
36 358 19 6
36 380 35 3
36 381 43 6
36 395 41 2
36 396 34 10
36 416 27 9
36 417 18 1
36 436 17 5
36 446 39 5
36 495 5 4
36 515 18 3
36 535 30 8
36 538 35 8
36 557 39 9
36 570 30 9
36 580 47 5
36 611 33 1
36 620 8 9
36 626 17 10
36 627 14 1
36 641 13 10
36 643 16 4
36 669 49 5
36 724 48 6
36 771 41 10
36 782 46 9
36 800 9 5
36 835 6 9
36 844 44 9
36 871 30 8
36 881 45 1
36 885 43 5
36 913 10 8
36 1015 19 8
36 1030 39 4
36 1058 32 4
36 1080 31 8
36 1118 49 2
36 1150 13 1
36 1172 27 5
37 411 23 5
39 243 2 10
43 59 12 1
43 743 5 8
44 1087 32 10
45 46 41 1
45 47 9 2
45 48 13 3
45 49 12 8
45 51 41 9
45 56 42 6
45 85 24 10
45 86 27 1
45 106 14 6
45 108 40 7
45 129 18 10
45 134 18 4
45 176 21 1
45 177 35 6
45 190 4 9
45 191 11 3
45 210 44 4
45 211 46 7
45 225 13 6
45 227 36 6
45 247 7 9
45 276 41 7
45 278 9 6
45 296 28 3
45 310 22 8
45 320 24 2
45 321 33 3
45 330 44 7
45 333 43 7
45 350 13 9
45 359 16 9
45 381 29 6
45 396 31 2
45 397 43 2
45 417 14 9
45 435 22 6
45 436 44 9
45 445 40 2
45 447 9 4
45 470 45 9
45 496 36 5
45 516 40 7
45 525 41 6
45 537 5 10
45 556 17 7
45 557 33 7
45 570 5 4
45 581 36 2
45 610 26 6
45 611 30 8
45 620 20 4
45 626 5 5
45 627 22 10
45 640 10 9
45 644 50 10
45 668 37 2
45 695 47 8
45 699 4 2
45 721 37 1
45 723 6 4
45 751 1 8
45 752 2 9
45 770 11 6
45 771 16 3
45 781 14 10
45 783 29 2
45 806 26 5
45 835 25 8
45 840 26 3
45 844 35 7
45 870 32 5
45 871 42 5
45 880 39 1
45 885 9 10
45 913 50 3
45 950 46 7
45 953 17 7
45 995 34 10
45 1000 45 7
45 1016 14 7
45 1017 21 4
45 1031 31 7
45 1034 9 2
45 1056 32 2
45 1058 45 2
45 1080 38 3
45 1091 41 7
45 1094 11 4
45 1116 22 3
45 1119 29 8
45 1152 2 1
45 1171 17 2
45 1172 33 5
45 1185 20 7
46 439 14 5
46 614 46 4
49 371 23 1
49 586 20 2
50 51 32 1
50 52 24 3
50 53 44 3
50 54 12 1
50 55 28 7
50 56 20 8
50 57 43 5
50 58 2 1
50 87 44 9
50 212 9 6
50 276 14 6
50 310 19 1
50 321 46 8
50 350 9 7
50 380 43 4
50 436 23 5
50 466 43 5
50 516 39 1
50 570 28 9
50 783 45 2
50 843 28 10
50 871 29 1
50 1033 44 3
50 1055 2 3
50 1090 11 4
50 1118 39 10
50 1150 37 6
50 1171 30 7
51 52 34 1
51 53 39 6
51 54 3 1
51 55 13 7
51 56 34 5
51 59 30 5
51 60 32 1
51 61 49 7
51 108 17 8
51 175 10 1
51 246 18 1
51 350 2 1
51 495 38 1
51 536 14 1
51 620 30 1
51 643 48 9
51 699 29 5
51 770 27 3
51 803 20 6
51 835 34 1
51 914 24 3
51 956 27 9
51 1116 38 3
51 1152 35 7
52 53 29 8
52 54 8 1
52 55 42 10
52 56 37 6
52 62 36 8
52 63 3 2
52 64 15 4
52 65 46 10
52 66 4 1
52 67 2 4
52 68 9 3
52 131 44 10
52 175 48 9
52 210 31 4
52 311 22 9
52 320 34 3
52 331 48 6
52 359 50 5
52 381 9 9
52 435 23 1
52 468 18 7
52 610 1 4
52 641 47 1
52 780 6 4
52 884 41 9
52 1080 4 6
52 1172 44 8
53 54 4 3
53 55 27 8
53 56 34 10
53 69 25 7
53 70 22 8
53 71 19 4
53 72 49 7
53 73 20 8
53 227 21 6
53 295 2 1
53 418 16 7
53 526 20 8
53 556 35 3
53 835 48 5
53 870 44 3
53 951 40 7
53 1017 18 6
53 1081 45 6
53 1185 35 1
54 55 8 1
54 56 17 3
54 74 5 9
54 106 35 5
54 246 45 7
54 296 44 9
54 397 24 1
54 448 5 3
54 577 16 9
54 695 11 1
54 750 33 1
54 995 7 8
54 1090 22 5
54 1186 28 5
55 56 32 7
55 75 29 9
55 76 7 3
55 77 46 4
55 78 23 10
55 79 19 2
55 80 5 3
55 85 9 5
55 191 16 7
55 193 37 3
55 228 38 2
55 332 25 7
55 359 39 6
55 417 26 10
55 498 8 4
55 515 40 10
55 576 12 5
55 627 23 1
55 669 13 5
55 723 8 1
55 724 43 10
55 751 3 7
55 885 12 5
55 910 47 1
55 1016 31 8
55 1030 2 6
56 81 47 5
56 82 33 4
56 83 16 9
56 84 15 7
56 133 13 5
56 276 38 3
56 395 7 7
56 446 14 10
56 525 34 6
56 538 6 4
56 555 7 9
56 570 7 9
56 611 16 10
56 625 19 10
56 668 27 6
56 770 4 6
56 806 31 8
56 843 40 8
56 995 43 2
56 1000 36 6
56 1002 12 10
56 1056 14 7
57 733 10 2
58 274 47 6
60 271 6 9
60 562 49 3
60 983 42 2
60 998 49 3
62 678 29 9
63 517 47 8
63 755 10 7
63 873 3 4
65 1124 44 10
68 504 43 4
71 657 47 7
72 196 36 8
72 1012 39 8
74 663 36 1
74 934 47 3
75 252 39 4
76 1148 8 6
77 688 45 1
77 906 5 3
78 651 46 1
78 1004 47 4
79 402 17 10
79 519 3 10
81 180 24 2
81 1168 6 6
82 1060 11 10
84 424 19 4
84 1035 27 6
85 86 28 1
85 87 38 1
85 88 8 5
85 89 23 2
85 90 36 7
85 91 15 9
85 92 13 4
85 93 12 1
85 191 17 6
85 225 35 1
85 320 45 2
85 332 1 9
85 333 22 1
85 350 28 2
85 357 42 10
85 395 44 3
85 396 22 2
85 436 33 8
85 467 47 3
85 575 24 9
85 666 31 6
85 751 25 4
85 801 17 9
85 840 22 10
85 844 33 4
85 871 50 1
85 883 32 7
85 911 10 8
85 916 41 8
85 1034 50 10
85 1058 4 4
85 1080 30 1
85 1094 1 1
86 87 28 6
86 88 47 1
86 94 3 3
86 95 26 6
86 96 33 5
86 107 31 1
86 211 34 5
86 296 49 10
86 310 29 3
86 320 20 4
86 417 50 1
86 447 18 3
86 526 30 9
86 556 15 9
86 557 9 9
86 620 20 10
86 626 48 6
86 724 11 7
86 753 26 10
86 770 24 4
86 783 27 6
86 801 5 2
86 950 30 8
86 1091 32 2
86 1115 34 8
86 1116 36 4
86 1172 13 4
87 88 45 6
87 97 46 1
87 98 1 5
87 99 19 8
87 100 23 6
87 108 40 7
87 175 41 10
87 191 23 2
87 210 19 1
87 228 6 1
87 249 22 10
87 275 32 5
87 310 12 6
87 350 8 6
87 359 1 10
87 382 30 7
87 415 2 2
87 436 5 3
87 469 49 1
87 497 1 4
87 526 39 10
87 535 31 5
87 570 2 10
87 627 1 2
87 722 44 5
87 783 1 8
87 835 24 8
87 995 23 6
87 1001 48 1
87 1016 45 3
87 1033 6 10
87 1080 11 3
88 101 18 2
88 102 10 9
88 103 18 10
88 104 13 1
88 131 39 7
88 132 13 8
88 176 10 2
88 249 31 9
88 276 32 10
88 295 10 7
88 381 46 4
88 448 5 5
88 496 32 7
88 515 7 8
88 516 15 10
88 537 9 4
88 570 2 4
88 580 10 4
88 611 3 2
88 620 26 8
88 643 6 2
88 668 47 3
88 696 13 4
88 698 10 3
88 770 48 6
88 835 26 1
88 883 33 3
88 954 5 4
88 995 18 4
88 1002 33 3
88 1015 41 10
88 1055 18 10
88 1151 11 4
88 1152 26 7
88 1171 39 9
88 1185 17 1
88 1186 47 10
90 729 4 8
92 849 45 6
92 1107 29 2
93 970 43 3
94 379 33 2
96 617 8 9
96 773 35 7
100 443 48 9
102 199 29 9
103 1053 44 6
105 106 10 7
105 107 42 7
105 108 30 4
105 109 41 3
105 191 45 2
105 192 12 5
105 246 31 1
105 310 37 4
105 320 15 1
105 331 31 4
105 382 28 8
105 446 35 3
105 570 24 3
105 611 2 2
105 620 25 5
105 696 7 6
105 722 44 8
105 783 18 1
105 871 38 1
105 957 31 7
105 995 4 4
105 1002 21 7
105 1017 40 7
105 1032 20 1
105 1080 20 9
105 1121 18 10
105 1153 27 7
105 1172 48 7
106 107 33 9
106 108 11 3
106 110 25 6
106 111 46 7
106 112 11 9
106 131 45 8
106 175 30 1
106 227 45 5
106 245 2 1
106 277 2 7
106 295 11 3
106 297 17 2
106 321 30 9
106 380 13 5
106 415 45 1
106 435 46 3
106 436 1 2
106 465 49 8
106 515 44 2
106 536 1 1
106 570 40 2
106 575 12 4
106 625 3 7
106 640 29 8
106 665 36 1
106 698 7 7
106 771 4 1
106 835 48 8
106 843 35 10
106 871 45 9
106 882 41 10
106 885 27 5
106 952 43 8
106 1017 2 3
106 1032 28 6
106 1090 49 1
106 1185 20 2
107 108 3 2
107 113 30 9
107 114 24 10
107 115 29 2
107 116 21 8
107 117 44 7
107 210 37 3
107 228 24 3
107 310 48 8
107 333 6 8
107 350 9 8
107 396 33 5
107 447 21 4
107 470 30 3
107 496 40 8
107 497 22 6
107 516 47 1
107 525 27 6
107 538 32 9
107 610 37 5
107 641 24 4
107 752 42 1
107 845 49 10
107 915 41 1
107 995 35 5
107 1055 19 4
107 1120 4 7
107 1150 36 5
107 1170 50 2
107 1186 45 8
108 118 9 3
108 119 14 2
108 120 19 1
108 121 48 1
108 122 3 2
108 123 40 1
108 124 30 9
108 134 20 6
108 175 46 3
108 210 21 7
108 275 1 4
108 350 42 8
108 355 47 3
108 359 48 7
108 395 17 8
108 415 17 1
108 525 44 10
108 556 39 9
108 557 40 1
108 577 13 4
108 627 32 5
108 669 37 10
108 720 25 7
108 751 18 5
108 770 18 2
108 780 6 1
108 802 3 6
108 805 32 1
108 835 7 10
108 914 20 8
108 1080 46 8
108 1091 42 5
109 550 22 6
110 142 41 8
110 205 14 4
110 821 9 9
112 920 43 4
116 414 12 10
116 837 46 5
118 727 18 1
120 154 34 3
123 545 34 6
125 126 5 9
125 127 7 1
125 128 33 8
125 129 30 1
125 130 47 1
125 131 21 2
125 132 4 2
125 133 25 4
125 134 7 2
125 135 10 5
125 136 29 8
125 137 39 7
125 138 45 1
125 139 34 2
125 140 4 3
125 141 2 6
125 310 28 6
125 332 2 9
125 381 31 5
125 397 36 10
125 446 30 10
125 467 17 10
125 555 13 9
125 751 5 5
125 770 26 10
125 1057 28 6
125 1094 20 4
125 1185 43 6
126 127 19 10
126 128 34 8
126 129 15 9
126 130 30 4
126 131 22 4
126 132 8 7
126 133 1 5
126 134 41 4
126 142 23 3
126 143 16 5
126 144 42 3
126 145 36 8
126 146 24 2
126 147 27 9
126 148 25 10
126 226 41 6
126 227 11 4
126 310 1 9
126 446 38 5
126 535 4 3
126 611 5 4
126 620 34 1
126 665 44 7
126 883 39 9
126 955 37 9
126 1115 47 6
126 1116 34 3
126 1170 1 6
126 1171 21 10
127 128 50 1
127 129 18 10
127 130 40 8
127 131 11 7
127 132 35 7
127 133 19 8
127 134 21 9
127 149 18 10
127 150 13 8
127 151 31 1
127 152 8 3
127 153 16 4
127 154 17 3
127 155 33 7
127 359 38 1
127 381 24 9
127 435 23 4
127 580 22 7
127 626 40 9
127 643 8 8
127 805 21 8
127 835 20 5
127 1081 4 6
127 1186 16 5
128 129 44 2
128 130 38 6
128 131 2 6
128 132 48 4
128 133 45 7
128 134 31 1
128 156 40 9
128 157 7 4
128 210 13 3
128 211 34 10
128 843 2 8
128 910 36 2
128 1069 25 6
129 130 10 3
129 131 4 9
129 132 5 10
129 133 42 10
129 134 8 5
129 158 17 1
129 176 5 1
129 278 33 10
129 333 34 8
129 515 28 7
129 526 35 10
129 570 35 4
129 665 26 1
129 698 34 4
129 770 3 5
129 1002 39 9
130 131 28 1
130 132 8 4
130 133 13 3
130 134 45 3
130 159 24 4
130 160 7 6
130 161 3 7
130 245 44 4
130 246 8 8
130 295 2 6
130 321 42 5
130 356 44 2
130 397 6 8
130 498 32 3
130 641 42 1
130 723 21 9
130 840 22 10
130 915 21 6
130 1032 18 1
131 132 40 4
131 133 27 6
131 134 24 1
131 162 31 2
131 350 35 6
131 468 48 1
131 496 13 6
131 696 9 9
131 721 13 3
131 751 26 1
131 835 1 6
131 870 40 5
131 883 21 5
131 1080 7 6
131 1092 35 9
132 133 13 6
132 134 45 1
132 163 10 1
132 164 30 1
132 165 14 5
132 166 27 1
132 175 37 8
132 191 22 3
132 320 47 9
132 436 42 6
132 515 4 10
132 525 4 7
132 555 5 7
132 570 14 10
132 950 48 2
132 995 22 4
132 1015 39 3
132 1058 10 1
133 134 38 10
133 167 49 5
133 168 23 2
133 278 18 8
133 296 20 5
133 416 14 5
133 620 6 8
133 625 9 4
133 783 43 2
133 803 24 3
133 870 46 7
133 995 24 9
133 1001 3 5
133 1033 22 3
133 1151 10 5
134 169 23 2
134 170 47 5
134 171 18 7
134 172 24 7
134 173 29 4
134 174 8 5
134 191 20 1
134 350 34 4
134 417 17 4
134 535 48 3
134 579 18 4
134 911 2 6
134 1153 30 3
135 998 11 2
135 1131 22 3
136 456 31 7
137 675 35 8
138 1084 23 4
142 306 12 9
142 744 38 5
142 797 15 10
143 590 15 7
143 819 46 4
145 299 20 1
145 558 33 4
146 349 9 3
148 399 19 9
150 1180 11 5
151 901 46 5
152 588 34 10
153 713 15 10
154 863 29 5
154 939 24 3
155 474 38 10
155 475 36 7
155 736 8 5
155 864 44 8
155 902 40 1
156 788 6 3
157 693 11 1
158 291 19 8
161 795 42 5
162 564 27 6
162 749 13 2
165 241 21 7
165 540 2 4
167 208 50 4
168 474 50 5
169 511 32 5
169 682 10 3
170 584 9 1
171 683 13 5
173 757 30 8
174 615 41 5
174 1156 48 4
175 176 42 9
175 177 7 1
175 178 33 5
175 179 33 10
175 180 49 8
175 181 15 6
175 182 40 1
175 183 41 2
175 184 36 1
175 191 28 9
175 228 41 10
175 246 21 4
175 250 5 9
175 359 47 5
175 397 27 5
175 447 6 7
175 495 27 6
175 556 36 8
175 570 44 1
175 581 34 3
175 611 31 9
175 620 36 3
175 641 44 6
175 695 46 10
175 771 9 3
175 782 39 8
175 801 12 5
175 835 1 2
175 841 45 4
175 915 19 8
175 954 33 3
175 1002 32 9
175 1080 21 4
175 1091 49 7
175 1120 31 10
175 1152 26 6
175 1171 22 5
176 177 32 2
176 185 22 6
176 186 44 5
176 187 33 5
176 210 32 9
176 228 11 8
176 278 40 1
176 297 13 10
176 310 11 9
176 321 47 1
176 331 43 6
176 333 39 10
176 350 25 9
176 381 42 7
176 396 37 6
176 417 33 7
176 435 27 6
176 436 26 6
176 467 30 9
176 525 24 7
176 537 48 5
176 538 15 6
176 556 22 10
176 570 41 6
176 611 17 1
176 644 6 9
176 669 34 2
176 722 37 7
176 725 9 6
176 752 48 6
176 782 22 3
176 841 32 8
176 870 27 1
176 871 24 5
176 880 29 2
176 883 32 1
176 995 34 7
176 1015 17 9
176 1034 26 8
176 1058 28 5
176 1059 24 8
176 1150 35 2
176 1172 27 8
177 188 43 4
177 189 28 2
177 190 8 1
177 210 14 2
177 296 50 2
177 311 31 4
177 320 20 4
177 350 38 1
177 358 14 6
177 381 36 1
177 417 47 6
177 447 31 3
177 469 6 5
177 497 47 5
177 515 17 5
177 516 47 10
177 525 20 1
177 578 41 10
177 620 38 4
177 627 37 6
177 666 17 7
177 699 33 6
177 771 33 3
177 805 2 1
177 835 40 4
177 910 43 9
177 950 36 1
177 1000 24 2
177 1015 13 5
177 1031 8 9
177 1080 40 6
177 1093 31 9
177 1117 47 1
177 1186 47 1
177 1187 46 1
179 837 24 7
179 1141 40 6
183 461 16 10
190 191 23 6
190 192 9 5
190 193 32 1
190 194 30 8
190 195 34 1
190 212 16 3
190 247 26 3
190 276 1 7
190 321 47 9
190 350 8 10
190 415 42 4
190 435 46 1
190 526 46 8
190 556 4 8
190 625 20 2
190 643 34 1
190 669 18 5
190 698 50 8
190 782 43 2
190 800 14 3
190 884 29 7
190 1000 27 9
190 1017 48 4
190 1034 21 1
190 1121 32 4
190 1153 3 7
190 1170 37 10
191 192 28 2
191 193 49 7
191 196 26 10
191 197 50 2
191 198 28 6
191 228 4 4
191 249 18 5
191 321 36 4
191 350 37 1
191 356 6 3
191 382 26 8
191 416 30 6
191 445 13 4
191 526 48 6
191 535 9 8
191 575 49 3
191 626 10 1
191 669 18 6
191 725 32 3
191 752 19 1
191 770 34 1
191 835 25 10
191 882 17 8
191 915 42 8
191 1001 36 8
191 1092 19 8
191 1093 29 4
191 1150 8 3
192 193 40 1
192 199 20 3
192 200 31 8
192 201 16 3
192 202 4 2
192 203 28 5
192 204 1 5
192 211 22 7
192 228 38 8
192 276 14 5
192 295 27 6
192 297 35 2
192 310 43 1
192 355 2 8
192 381 1 7
192 396 17 4
192 397 24 2
192 436 38 8
192 445 30 9
192 466 40 3
192 470 24 6
192 516 9 5
192 570 41 6
192 699 3 6
192 752 1 8
192 771 29 4
192 835 31 9
192 840 1 3
192 871 3 7
192 957 2 6
192 1015 7 2
192 1030 4 3
192 1059 24 8
192 1080 24 7
192 1081 13 3
192 1121 9 3
192 1170 13 6
193 205 37 3
193 206 25 4
193 207 34 5
193 208 31 7
193 209 41 9
193 310 7 6
193 330 23 8
193 332 48 8
193 495 13 6
193 496 48 8
193 538 28 2
193 556 32 1
193 570 1 3
193 581 4 8
193 610 46 4
193 611 12 10
193 620 33 1
193 642 28 9
193 725 4 3
193 782 15 6
193 800 7 8
193 844 39 2
193 917 6 5
193 950 46 3
193 995 45 1
193 1059 21 5
193 1185 4 4
193 1186 3 10
195 819 43 3
198 316 20 6
199 1127 40 4
200 930 50 4
200 1160 49 9
202 392 41 9
203 534 7 8
206 603 50 2
206 971 17 2
208 430 27 7
210 211 10 1
210 212 26 7
210 213 4 9
210 214 6 1
210 215 7 9
210 216 12 9
210 248 12 4
210 275 34 3
210 296 14 5
210 310 30 4
210 320 42 9
210 350 1 1
210 357 10 5
210 395 11 7
210 415 45 7
210 435 24 3
210 469 14 3
210 497 33 7
210 525 35 1
210 536 3 7
210 555 5 4
210 570 34 5
210 578 36 2
210 611 22 9
210 625 37 10
210 644 35 3
210 669 19 9
210 720 28 8
210 750 8 7
210 751 35 5
210 843 9 10
210 882 34 6
210 884 47 3
210 914 10 2
210 995 6 10
210 1016 41 1
210 1017 6 10
210 1056 26 3
210 1090 26 5
210 1121 37 4
210 1170 40 1
211 212 31 10
211 217 9 4
211 249 39 4
211 295 47 2
211 350 48 2
211 380 14 9
211 417 37 6
211 436 33 1
211 448 24 2
211 465 14 10
211 497 50 1
211 515 32 10
211 570 3 3
211 610 29 2
211 620 32 3
211 626 48 4
211 666 15 8
211 725 11 4
211 782 6 5
211 804 33 5
211 835 15 10
211 843 15 2
211 952 8 9
211 1002 30 2
211 1081 9 8
211 1117 44 10
211 1150 3 6
211 1186 49 8
211 1187 29 7
212 218 14 2
212 219 41 8
212 220 14 8
212 221 48 1
212 222 38 3
212 223 13 9
212 224 22 1
212 225 8 9
212 228 21 7
212 278 22 8
212 320 4 3
212 331 3 2
212 355 44 5
212 396 34 5
212 446 15 5
212 515 30 9
212 525 2 10
212 536 29 8
212 557 29 6
212 581 33 8
212 620 45 1
212 642 35 3
212 698 19 10
212 770 44 4
212 771 16 6
212 780 21 4
212 806 32 1
212 835 39 6
212 870 48 1
212 871 25 5
212 910 16 8
212 957 31 6
212 1000 9 8
212 1030 2 6
212 1033 25 4
212 1056 9 2
212 1080 39 1
212 1150 1 10
212 1172 32 1
214 664 43 6
215 527 47 9
216 619 28 10
218 984 44 6
219 975 21 6
221 317 7 8
222 942 33 10
225 226 9 9
225 227 33 9
225 228 1 4
225 229 21 7
225 230 26 1
225 231 10 10
225 232 39 1
225 233 13 9
225 278 42 8
225 350 13 2
225 397 2 3
225 398 17 7
225 415 1 8
225 465 8 5
225 469 48 7
225 495 43 1
225 515 47 8
225 516 11 7
225 526 26 10
225 536 46 8
225 557 15 2
225 579 46 1
225 610 30 10
225 620 30 2
225 783 10 5
225 806 6 8
225 835 38 3
225 995 50 8
225 1000 17 1
225 1032 40 2
225 1093 17 6
225 1171 13 6
225 1172 7 4
225 1185 28 4
226 227 25 1
226 228 1 9
226 234 37 8
226 235 33 1
226 236 37 6
226 249 42 1
226 310 4 1
226 321 50 6
226 332 46 2
226 435 42 1
226 448 30 7
226 526 49 3
226 555 46 2
226 570 28 10
226 580 49 2
226 620 7 8
226 665 16 9
226 724 17 9
226 750 25 7
226 751 31 5
226 804 14 5
226 844 43 1
226 884 32 3
226 912 7 2
226 914 22 4
226 953 26 1
226 995 47 5
226 1000 26 2
226 1033 39 3
226 1120 35 3
226 1187 17 5
227 228 31 5
227 237 31 3
227 238 26 6
227 239 26 10
227 240 23 1
227 297 2 1
227 310 24 8
227 320 49 8
227 331 14 6
227 350 42 10
227 356 6 8
227 381 49 7
227 382 1 10
227 435 13 1
227 497 8 2
227 536 17 5
227 611 29 10
227 626 1 5
227 644 42 4
227 698 22 5
227 721 2 4
227 770 28 3
227 782 21 4
227 871 34 7
227 885 38 8
227 958 18 1
227 1015 9 8
227 1080 29 5
227 1092 49 3
227 1119 39 6
227 1151 41 2
228 241 44 5
228 242 46 10
228 243 6 3
228 244 20 1
228 247 42 5
228 276 4 6
228 295 25 8
228 358 42 8
228 416 9 6
228 448 37 5
228 570 12 3
228 644 22 6
228 667 17 5
228 697 27 6
228 840 15 1
228 871 12 3
228 1016 13 4
228 1057 36 4
228 1058 46 2
228 1080 19 1
228 1152 18 3
230 1103 29 9
231 964 19 8
231 1069 21 9
232 348 42 4
234 604 40 6
236 747 42 8
237 674 4 3
237 1006 7 6
238 1198 19 6
240 1038 38 8
240 1084 28 1
241 501 44 8
241 762 49 1
242 409 39 6
242 809 9 1
242 860 50 7
243 656 32 8
244 270 6 10
244 361 47 2
244 411 48 3
245 246 43 8
245 247 30 4
245 248 18 7
245 249 8 10
245 250 34 1
245 251 39 6
245 275 23 7
245 295 2 7
245 310 31 6
245 381 19 4
245 382 36 8
245 397 14 1
245 446 34 3
245 447 2 8
245 611 4 9
245 627 41 9
245 696 35 8
245 805 24 3
245 871 50 6
245 1152 48 6
245 1187 13 1
246 247 43 4
246 248 47 1
246 249 24 2
246 250 48 7
246 252 33 1
246 253 32 10
246 254 18 8
246 255 49 5
246 256 11 6
246 257 34 5
246 275 37 8
246 296 46 5
246 333 23 3
246 355 42 8
246 416 16 7
246 467 33 3
246 515 6 1
246 525 7 9
246 1000 2 9
246 1090 50 4
246 1150 20 8
246 1170 1 9
247 248 40 9
247 249 3 6
247 250 11 10
247 258 32 7
247 259 19 3
247 260 10 8
247 261 30 2
247 262 2 1
247 263 49 1
247 321 18 3
247 497 14 8
247 525 38 1
247 536 30 1
247 576 8 9
247 627 44 10
247 725 29 1
247 771 11 8
247 781 39 3
247 783 30 10
247 842 47 4
247 912 12 8
247 914 27 10
247 1057 5 9
247 1080 50 8
247 1115 7 5
248 249 19 2
248 250 10 6
248 264 47 1
248 265 37 6
248 266 2 10
248 310 7 10
248 333 17 7
248 350 50 6
248 535 48 7
248 556 30 7
248 665 17 9
248 696 17 1
248 753 3 3
248 801 28 10
248 835 49 4
248 871 14 3
248 952 40 8
248 995 10 9
248 1032 22 9
248 1034 32 2
248 1057 26 10
248 1187 6 9
249 250 1 8
249 267 29 3
249 268 24 3
249 269 5 1
249 359 30 4
249 397 3 2
249 416 44 8
249 435 10 8
249 470 48 9
249 497 1 8
249 515 45 2
249 570 23 8
249 575 28 4
249 611 44 2
249 643 12 9
249 841 11 10
249 995 34 8
249 1017 22 9
249 1081 6 1
249 1091 24 6
249 1121 50 3
249 1172 25 10
250 270 8 8
250 271 5 10
250 272 29 7
250 273 4 8
250 274 35 4
250 321 41 8
250 350 36 4
250 435 12 8
250 555 19 6
250 570 25 3
250 620 40 3
250 642 24 8
250 751 35 8
250 770 1 7
250 835 27 2
250 880 24 8
250 883 33 3
250 1002 31 9
250 1015 40 9
254 1159 34 3
258 1028 6 4
259 521 37 1
259 1109 49 10
261 787 45 5
261 1075 33 10
264 792 38 10
265 675 12 8
267 742 6 7
268 432 3 5
270 789 22 1
271 892 33 8
271 922 26 3
272 1083 29 10
273 714 27 8
274 928 41 4
275 276 10 6
275 277 25 2
275 278 46 1
275 279 3 9
275 280 41 9
275 281 23 1
275 282 21 7
275 283 12 7
275 284 39 4
275 297 17 1
275 310 7 8
275 350 31 9
275 397 14 1
275 435 21 10
275 466 48 3
275 515 14 3
275 516 3 4
275 555 27 10
275 557 50 3
275 570 32 8
275 611 21 5
275 620 20 9
275 625 42 3
275 627 50 10
275 640 34 1
275 753 47 1
275 771 5 1
275 781 15 3
275 835 6 2
275 917 3 10
275 1015 43 3
275 1057 13 7
275 1153 13 1
276 277 23 4
276 278 2 3
276 285 3 6
276 286 50 7
276 287 46 3
276 288 12 5
276 289 1 8
276 290 30 2
276 311 21 4
276 358 26 2
276 381 45 4
276 416 41 7
276 526 40 10
276 570 11 9
276 581 18 1
276 620 46 7
276 695 24 10
276 801 47 7
276 840 48 6
276 870 5 4
276 882 28 4
276 883 14 7
276 952 31 7
276 1001 36 6
276 1002 50 2
276 1057 34 6
276 1090 15 2
276 1091 27 2
276 1170 19 3
277 278 1 7
277 291 1 6
277 292 42 1
277 320 47 3
277 333 20 1
277 350 44 2
277 359 4 5
277 381 10 10
277 395 12 4
277 418 19 9
277 436 47 7
277 446 11 4
277 498 28 5
277 536 35 7
277 610 25 1
277 643 42 10
277 752 30 4
277 845 10 2
277 995 15 5
277 1016 9 4
277 1034 27 7
277 1081 42 10
277 1120 16 5
277 1121 10 2
277 1151 37 2
277 1185 48 6
278 293 39 1
278 294 44 2
278 295 11 6
278 320 27 1
278 332 18 8
278 445 41 10
278 468 37 2
278 496 18 1
278 526 49 7
278 535 1 3
278 665 45 10
278 667 28 3
278 720 37 3
278 721 47 5
278 770 50 8
278 781 43 10
278 802 40 2
278 835 35 4
278 871 22 4
278 914 6 1
278 956 19 10
278 1031 9 7
278 1171 15 1
278 1185 20 8
280 823 9 1
280 876 6 10
280 1084 50 4
281 507 4 9
283 777 36 6
285 326 20 8
286 659 25 2
290 1146 23 3
293 932 37 9
293 940 35 5
293 1023 2 4
294 597 33 3
294 658 36 8
294 797 29 1
295 296 16 5
295 297 46 3
295 298 11 2
295 299 49 1
295 300 41 4
295 301 38 5
295 302 1 2
295 320 14 10
295 321 23 8
295 416 6 9
295 446 42 3
295 525 40 1
295 535 49 4
295 555 33 5
295 575 7 10
295 610 15 8
295 695 25 6
295 771 15 8
295 780 9 1
295 835 14 8
295 871 15 10
295 958 47 2
295 995 36 7
295 1171 44 2
295 1185 40 5
296 297 32 2
296 303 6 4
296 310 39 2
296 330 22 2
296 355 22 4
296 382 25 4
296 417 19 10
296 447 33 1
296 468 16 10
296 495 41 6
296 515 3 6
296 555 47 10
296 570 40 5
296 575 10 7
296 620 25 8
296 626 10 9
296 641 17 6
296 670 1 9
296 696 14 3
296 724 34 1
296 751 22 5
296 752 11 4
296 771 41 10
296 835 2 3
296 842 2 3
296 870 14 9
296 883 14 7
296 884 24 6
296 913 2 7
296 953 31 7
296 1000 50 10
296 1017 16 8
296 1034 26 4
296 1055 17 10
296 1090 27 6
296 1091 24 4
296 1116 9 4
296 1118 23 5
296 1152 10 5
297 304 6 4
297 305 47 5
297 306 21 6
297 307 43 2
297 308 31 10
297 309 25 5
297 333 41 10
297 350 46 2
297 356 44 1
297 382 17 6
297 396 8 9
297 398 29 10
297 435 49 2
297 436 44 8
297 465 13 7
297 495 3 6
297 516 23 8
297 526 45 1
297 538 33 9
297 610 29 1
297 625 11 9
297 640 2 6
297 670 29 6
297 725 36 1
297 780 34 3
297 801 11 5
297 804 22 3
297 842 21 2
297 911 14 7
297 995 25 2
297 1000 11 8
297 1016 12 1
297 1032 25 10
297 1057 35 2
297 1080 16 1
297 1081 38 4
297 1151 14 4
297 1172 9 2
297 1186 22 6
300 817 10 4
301 528 3 10
303 1139 39 5
305 994 31 9
306 460 38 10
306 1024 17 7
307 692 9 6
308 1105 10 7
310 311 49 10
310 312 39 9
310 313 4 10
310 314 19 6
310 321 24 6
310 350 31 4
310 358 48 3
310 380 14 6
310 415 31 8
310 435 50 2
310 446 19 2
310 447 32 2
310 466 20 8
310 496 35 8
310 515 27 7
310 557 27 6
310 577 19 3
310 579 31 4
310 611 46 6
310 620 38 9
310 625 5 9
310 720 16 10
310 721 28 3
310 750 47 8
310 771 26 4
310 782 7 1
310 835 32 5
310 842 14 1
310 871 4 1
310 957 25 8
310 995 18 10
310 1000 49 3
310 1002 33 2
310 1017 14 2
310 1033 16 6
310 1058 47 4
310 1081 17 4
310 1094 23 6
310 1170 13 6
310 1187 36 7
311 315 42 4
311 316 34 7
311 317 24 1
311 318 15 3
311 319 3 8
311 320 27 8
311 331 18 6
311 332 21 7
311 350 3 8
311 359 10 5
311 381 22 3
311 395 1 4
311 397 41 9
311 435 41 9
311 466 5 9
311 498 41 7
311 515 9 7
311 525 15 9
311 526 22 4
311 535 8 8
311 536 38 7
311 570 20 2
311 611 32 10
311 627 24 1
311 642 10 10
311 643 10 6
311 665 47 10
311 670 21 7
311 697 49 10
311 753 47 7
311 771 35 6
311 780 25 10
311 805 29 5
311 843 21 4
311 871 14 4
311 884 2 7
311 913 2 10
311 957 2 6
311 995 50 9
311 1015 38 2
311 1031 39 10
311 1059 48 3
311 1080 25 4
311 1094 46 6
311 1118 11 4
311 1121 48 3
311 1152 39 9
311 1153 7 2
311 1171 46 8
311 1186 28 6
312 830 42 3
313 1136 31 4
314 511 17 6
314 816 35 6
314 949 3 9
314 996 13 7
314 1079 19 2
317 1072 7 2
319 373 42 10
320 321 6 6
320 322 31 4
320 323 11 9
320 324 49 5
320 325 31 1
320 326 31 8
320 350 10 8
320 356 8 7
320 359 48 3
320 381 15 5
320 382 35 1
320 396 34 6
320 416 43 2
320 418 5 2
320 435 23 2
320 436 34 5
320 445 7 7
320 448 8 3
320 497 5 1
320 515 21 2
320 526 47 8
320 535 24 6
320 555 3 4
320 570 38 8
320 610 19 5
320 640 18 5
320 641 39 1
320 665 15 1
320 695 42 7
320 720 45 2
320 770 2 1
320 781 24 3
320 800 23 10
320 842 34 9
320 871 43 2
320 880 48 9
320 915 33 5
320 953 36 10
320 956 48 7
320 995 26 5
320 1001 31 4
320 1056 27 9
320 1091 12 6
320 1093 47 5
320 1118 20 3
320 1150 35 4
320 1185 25 1
321 327 32 9
321 328 19 3
321 329 35 5
321 332 9 9
321 350 25 2
321 398 26 6
321 465 47 2
321 468 31 1
321 496 21 9
321 516 14 9
321 526 5 7
321 536 33 9
321 557 16 5
321 570 42 6
321 577 9 3
321 581 7 5
321 620 21 4
321 626 12 8
321 627 16 3
321 665 31 5
321 698 48 7
321 722 14 3
321 751 33 8
321 771 40 4
321 800 33 10
321 835 16 7
321 870 43 10
321 885 44 5
321 912 2 3
321 1002 31 6
321 1017 21 8
321 1032 9 10
321 1034 24 10
321 1080 32 4
321 1117 36 10
321 1152 31 1
321 1170 9 4
321 1172 23 8
321 1187 19 6
323 437 9 8
324 852 5 9
325 846 8 6
327 922 39 3
328 551 24 7
330 331 2 10
330 332 37 6
330 333 8 8
330 334 31 10
330 335 6 7
330 336 37 9
330 337 26 3
330 338 11 8
330 339 20 5
330 340 46 1
330 341 13 3
330 350 44 4
330 356 4 3
330 396 28 3
330 397 27 4
330 415 48 1
330 466 21 10
330 516 17 6
330 535 43 2
330 536 1 2
330 576 29 7
330 627 49 10
330 695 20 10
330 725 1 3
330 752 11 7
330 771 27 8
330 835 4 9
330 871 27 6
330 881 43 9
330 882 37 5
330 956 19 3
330 1002 47 3
330 1015 14 8
330 1094 37 6
330 1186 15 8
331 332 23 2
331 333 21 7
331 342 24 7
331 343 26 6
331 344 49 8
331 345 13 2
331 356 47 9
331 436 26 8
331 498 32 3
331 516 22 10
331 525 43 9
331 526 6 2
331 557 1 4
331 570 26 8
331 575 15 4
331 620 19 5
331 626 25 7
331 751 6 6
331 840 35 4
331 916 15 6
331 995 5 8
331 1000 1 9
331 1017 11 5
331 1032 35 9
331 1056 11 10
331 1080 41 4
331 1115 23 2
331 1185 20 1
332 333 14 1
332 346 50 2
332 350 37 7
332 380 24 10
332 382 18 2
332 416 13 4
332 467 14 1
332 498 43 5
332 556 44 5
332 643 43 4
332 668 16 10
332 722 12 10
332 782 45 5
332 783 46 7
332 801 12 7
332 803 31 7
332 841 46 9
332 958 26 8
332 995 15 3
332 1057 18 6
332 1090 4 8
332 1152 4 1
332 1172 32 9
333 347 24 6
333 348 15 3
333 349 5 5
333 435 45 2
333 447 11 5
333 448 48 5
333 610 49 8
333 644 17 7
333 668 31 2
333 835 45 7
333 871 30 9
333 916 32 10
333 1034 30 10
333 1081 8 5
333 1119 21 1
333 1150 36 8
333 1170 17 10
334 1103 45 6
336 340 26 4
336 936 39 3
337 982 45 1
341 1128 25 7
342 531 43 7
342 755 38 8
342 1139 16 8
343 855 41 8
347 373 8 1
347 981 46 8
348 624 28 8
348 969 6 7
349 968 5 4
349 1106 28 3
350 351 22 4
350 352 48 7
350 353 26 2
350 354 4 9
350 355 16 6
350 358 23 7
350 381 42 6
350 398 21 7
350 415 4 3
350 435 10 5
350 436 46 6
350 446 41 10
350 469 19 4
350 496 31 2
350 498 19 1
350 515 11 6
350 516 28 2
350 526 16 7
350 535 7 9
350 536 4 10
350 555 45 10
350 556 39 5
350 570 21 7
350 577 5 10
350 579 4 8
350 610 16 8
350 620 34 7
350 625 20 4
350 627 16 4
350 642 1 5
350 644 16 9
350 665 20 7
350 666 39 7
350 695 8 2
350 720 2 1
350 752 24 9
350 753 13 9
350 771 20 1
350 782 13 4
350 783 1 8
350 802 26 6
350 806 18 2
350 835 45 2
350 843 16 5
350 844 23 2
350 871 39 8
350 881 1 8
350 884 1 9
350 914 33 2
350 915 11 10
350 953 20 2
350 957 40 6
350 995 38 10
350 1000 44 9
350 1001 16 8
350 1015 16 9
350 1031 29 8
350 1033 3 2
350 1056 31 5
350 1058 21 3
350 1080 43 10
350 1081 20 10
350 1092 8 6
350 1094 8 2
350 1119 24 10
350 1121 15 1
350 1152 47 1
350 1153 34 9
350 1171 12 1
350 1172 50 10
350 1185 15 6
350 1187 20 3
354 688 40 2
354 987 15 8
354 1004 28 7
354 1010 21 4
355 356 4 2
355 357 50 9
355 358 32 7
355 359 8 3
355 360 29 10
355 361 37 2
355 362 5 2
355 363 41 10
355 395 8 4
355 398 11 6
355 445 10 1
355 448 23 1
355 516 36 4
355 575 22 7
355 620 12 8
355 669 43 7
355 805 25 4
355 835 8 4
355 841 27 6
355 914 32 6
355 1001 10 9
355 1034 33 2
355 1120 3 7
355 1150 16 1
356 357 43 4
356 358 48 6
356 359 45 3
356 364 15 3
356 365 46 8
356 366 48 9
356 367 48 7
356 368 15 10
356 369 24 8
356 370 5 5
356 435 35 5
356 498 29 1
356 526 19 2
356 538 41 2
356 576 42 10
356 625 14 2
356 627 43 5
356 669 42 4
356 699 43 2
356 725 29 8
356 782 45 9
356 841 18 5
356 955 49 4
356 1030 22 3
356 1081 32 1
356 1152 35 7
357 358 15 4
357 359 36 1
357 371 16 10
357 372 37 4
357 373 38 4
357 374 49 8
357 375 3 10
357 415 25 7
357 436 34 7
357 557 14 6
357 611 33 8
357 640 12 5
357 771 44 10
357 885 40 5
357 995 48 6
357 1015 16 8
357 1094 46 6
357 1186 5 1
358 359 17 10
358 376 11 2
358 377 20 3
358 382 17 10
358 465 23 4
358 496 23 2
358 516 15 10
358 526 34 5
358 620 2 4
358 642 42 4
358 696 48 7
358 750 17 10
358 771 39 3
358 781 47 2
358 801 47 3
358 835 47 5
358 871 18 7
358 883 11 10
358 913 24 10
358 955 20 2
358 1017 28 9
358 1116 30 6
358 1170 40 5
358 1171 30 2
359 378 11 5
359 379 2 4
359 380 45 10
359 417 9 5
359 467 15 4
359 537 39 8
359 555 25 6
359 570 8 2
359 611 34 2
359 722 13 9
359 753 35 6
359 995 42 2
359 1000 31 4
359 1057 29 2
359 1058 22 4
359 1081 3 4
359 1094 4 10
359 1187 12 4
361 742 39 9
362 676 1 4
365 827 15 4
372 712 20 4
372 991 14 3
373 1084 49 2
373 1128 12 5
374 761 32 2
376 787 38 10
378 606 7 4
379 755 30 3
380 381 45 2
380 382 31 1
380 383 45 7
380 384 10 2
380 385 36 5
380 386 3 7
380 396 42 1
380 497 9 1
380 537 16 4
380 570 19 10
380 611 31 10
380 620 47 10
380 627 28 9
380 644 48 1
380 669 43 7
380 724 26 2
380 752 26 8
380 771 20 6
380 806 39 6
380 835 47 6
380 871 20 4
380 884 19 5
380 885 27 3
380 953 6 8
380 995 41 9
380 1001 37 7
380 1002 21 7
380 1030 31 10
380 1032 32 6
380 1056 22 2
380 1092 30 10
380 1118 4 2
380 1151 48 10
380 1170 3 2
380 1171 47 4
380 1185 31 9
380 1186 18 9
381 382 22 4
381 387 15 8
381 388 46 5
381 389 30 4
381 415 43 1
381 435 34 10
381 445 7 1
381 447 31 10
381 467 19 4
381 470 46 5
381 516 24 5
381 526 50 7
381 555 43 2
381 575 49 4
381 576 25 8
381 620 11 3
381 644 43 10
381 697 14 3
381 771 4 4
381 803 30 3
381 845 32 3
381 917 29 8
381 995 25 3
381 1055 47 8
381 1080 36 2
381 1118 32 6
382 390 32 3
382 391 50 3
382 392 27 8
382 393 5 1
382 394 36 5
382 395 3 4
382 417 6 5
382 436 37 7
382 495 10 9
382 515 13 3
382 525 42 6
382 537 20 3
382 555 42 10
382 570 35 8
382 610 14 5
382 626 47 10
382 670 47 5
382 720 9 6
382 750 7 2
382 781 24 6
382 782 13 7
382 835 15 1
382 870 12 6
382 952 35 2
382 1015 41 4
382 1017 10 6
382 1080 36 9
382 1091 19 1
382 1150 27 8
383 1012 25 3
385 1012 26 9
385 1022 25 8
386 826 32 9
386 838 28 5
386 846 1 8
386 1023 7 1
389 532 33 8
389 649 33 4
389 966 16 1
390 419 35 8
392 1199 27 8
393 645 11 10
393 682 26 1
393 1169 12 7
394 437 10 10
394 1098 32 7
395 396 36 6
395 397 41 7
395 398 24 8
395 399 30 5
395 400 29 5
395 401 2 1
395 402 1 5
395 403 18 2
395 404 7 9
395 405 14 7
395 406 45 6
395 415 18 10
395 418 14 6
395 435 43 5
395 448 39 4
395 468 34 9
395 516 27 9
395 526 18 1
395 537 28 6
395 555 16 8
395 556 35 7
395 570 44 3
395 579 44 5
395 626 14 7
395 698 49 1
395 752 39 2
395 770 14 7
395 782 46 4
395 801 23 2
395 835 34 5
395 841 44 8
395 871 8 5
395 1056 43 5
395 1080 7 9
395 1115 30 10
395 1119 36 1
395 1151 38 5
396 397 18 8
396 398 38 8
396 407 47 9
396 408 36 4
396 409 5 1
396 447 20 6
396 465 39 1
396 496 20 5
396 526 18 9
396 620 19 4
396 626 46 8
396 643 3 6
396 665 11 3
396 783 29 3
396 871 34 9
396 884 20 1
396 915 2 1
396 954 28 2
396 995 43 3
396 1058 13 4
396 1092 47 2
396 1170 39 8
396 1185 24 8
397 398 34 7
397 410 27 8
397 411 32 10
397 577 25 4
397 611 15 1
397 620 5 6
397 720 17 10
397 722 29 5
397 771 50 5
397 802 33 4
397 881 21 9
397 957 1 6
397 1000 42 9
397 1015 50 1
397 1033 46 1
397 1034 31 2
397 1092 31 5
397 1171 40 5
398 412 37 5
398 413 12 4
398 414 9 2
398 436 50 3
398 495 10 8
398 516 35 5
398 536 44 4
398 610 30 8
398 643 16 3
398 696 49 10
398 753 4 7
398 835 9 6
398 844 42 5
398 911 12 3
398 1001 35 7
398 1017 43 5
398 1150 37 2
398 1187 30 10
400 648 24 5
403 1137 9 1
404 615 10 1
404 983 23 4
405 703 40 1
406 503 26 6
406 533 8 10
407 767 49 9
408 734 17 10
408 1164 44 10
409 510 47 3
409 903 20 4
415 416 41 10
415 417 31 8
415 418 12 8
415 419 14 8
415 420 7 2
415 445 45 4
415 470 47 2
415 525 27 4
415 538 18 6
415 557 22 2
415 620 1 2
415 625 30 9
415 644 31 4
415 666 8 1
415 720 50 2
415 753 42 3
415 804 44 10
415 870 36 9
415 881 23 3
415 951 40 5
415 1017 13 3
415 1171 45 1
415 1187 4 10
416 417 24 9
416 418 35 8
416 421 32 8
416 422 41 5
416 435 29 7
416 497 5 7
416 538 29 2
416 556 36 10
416 570 19 10
416 579 7 4
416 610 41 3
416 670 50 5
416 723 26 4
416 752 35 10
416 770 44 9
416 782 15 8
416 806 49 6
416 842 38 9
416 871 50 10
416 916 2 7
416 953 4 7
416 995 35 7
416 1001 46 7
416 1017 44 1
416 1056 31 8
416 1081 44 9
416 1117 14 8
416 1151 38 2
416 1186 10 3
417 418 34 10
417 423 48 9
417 424 26 10
417 516 19 6
417 626 44 8
417 643 45 3
417 698 38 3
417 782 31 1
417 835 30 4
417 845 6 5
417 1000 30 6
417 1032 50 4
417 1058 22 9
417 1081 9 8
417 1094 20 8
418 425 34 10
418 426 13 5
418 427 21 2
418 428 48 10
418 429 23 4
418 430 31 3
418 431 15 2
418 432 32 10
418 433 22 2
418 434 40 8
418 435 32 7
418 448 34 6
418 470 8 9
418 495 39 2
418 516 16 2
418 525 12 6
418 570 39 10
418 578 18 9
418 611 11 9
418 620 46 6
418 696 44 1
418 770 49 7
418 835 26 6
418 880 30 6
418 917 4 9
418 995 34 9
418 1031 39 10
418 1094 14 2
418 1121 32 6
418 1150 15 3
418 1172 22 9
420 655 23 7
421 632 7 5
424 502 14 6
424 639 26 4
425 735 50 8
425 1068 36 4
426 939 48 5
428 757 15 3
430 477 8 9
430 714 43 1
431 1130 6 5
432 1193 14 8
433 934 41 6
435 436 40 6
435 437 29 3
435 438 27 9
435 497 12 1
435 498 19 10
435 516 17 9
435 525 44 4
435 536 4 5
435 575 30 5
435 611 20 1
435 620 40 9
435 626 2 10
435 698 12 5
435 724 41 4
435 771 28 3
435 780 5 4
435 800 38 5
435 803 13 6
435 835 11 6
435 842 43 5
435 870 14 4
435 871 2 7
435 955 41 4
435 995 6 7
435 1001 47 1
435 1015 21 10
435 1016 33 3
435 1057 23 10
435 1059 36 8
435 1117 31 9
435 1120 2 7
435 1150 28 1
435 1171 43 9
435 1185 50 8
436 439 31 10
436 440 47 7
436 441 43 3
436 442 26 5
436 443 40 8
436 444 48 3
436 445 19 5
436 466 47 4
436 468 27 3
436 536 7 8
436 556 11 9
436 570 8 9
436 575 14 2
436 610 9 8
436 620 37 2
436 626 45 9
436 640 38 2
436 643 20 10
436 667 50 4
436 670 6 7
436 699 10 8
436 721 43 8
436 751 19 8
436 753 37 3
436 771 2 6
436 780 43 1
436 843 9 1
436 884 38 10
436 885 16 3
436 913 23 8
436 914 43 4
436 954 42 7
436 1001 8 3
436 1030 36 6
436 1032 13 5
436 1080 23 4
436 1090 3 9
436 1094 47 2
436 1153 27 2
436 1171 39 10
436 1185 29 3
439 494 24 10
439 759 20 4
439 1149 16 4
440 568 12 10
440 1051 7 8
440 1066 43 4
443 713 19 8
445 446 1 8
445 447 2 3
445 448 44 6
445 449 37 4
445 450 34 6
445 451 11 4
445 452 44 1
445 453 49 2
445 454 7 3
445 455 5 3
445 456 48 4
445 468 43 1
445 557 6 10
445 570 37 3
445 580 6 8
445 611 45 5
445 620 5 8
445 627 22 9
445 782 24 4
445 835 8 3
445 1033 20 2
445 1091 6 6
445 1120 15 4
446 447 34 8
446 448 19 5
446 457 21 7
446 458 37 9
446 459 31 7
446 469 42 8
446 515 16 4
446 557 15 7
446 626 45 1
446 640 9 3
446 670 31 3
446 699 12 6
446 721 48 9
446 750 28 8
446 753 37 2
446 771 17 3
446 780 18 7
446 835 21 9
446 880 30 9
446 915 18 3
446 958 35 9
446 995 4 5
446 1001 26 2
446 1002 3 4
446 1080 48 4
446 1171 16 10
447 448 22 4
447 460 34 10
447 461 48 2
447 462 42 8
447 463 8 2
447 515 40 3
447 525 21 5
447 535 12 4
447 576 26 2
447 642 44 6
447 698 45 10
447 803 13 7
447 843 46 4
447 870 3 8
447 871 1 8
447 880 32 6
447 915 7 10
447 1015 14 4
447 1030 18 4
447 1055 1 8
447 1059 1 4
447 1081 10 3
447 1093 29 4
447 1116 5 5
447 1172 48 4
447 1187 29 8
448 464 36 3
448 496 40 4
448 498 23 1
448 525 37 7
448 537 24 9
448 570 5 2
448 610 46 9
448 620 27 2
448 722 31 1
448 771 44 4
448 802 23 7
448 843 26 10
448 956 39 7
448 1015 24 9
448 1150 46 6
448 1153 18 7
448 1185 4 5
450 797 6 8
450 980 17 10
452 657 28 10
452 984 25 1
454 996 43 2
455 996 22 4
456 1155 30 5
457 477 42 4
457 586 4 6
458 980 22 2
460 936 11 10
460 944 5 2
461 504 16 8
465 466 41 9
465 467 50 7
465 468 13 1
465 469 11 4
465 470 47 1
465 471 25 8
465 472 18 4
465 473 20 6
465 474 20 2
465 475 28 3
465 476 34 1
465 477 21 6
465 495 20 10
465 498 27 4
465 570 12 2
465 640 11 6
465 669 37 9
465 699 16 6
465 871 47 10
465 912 18 10
465 1033 5 2
465 1056 42 3
465 1121 15 5
465 1172 42 3
465 1187 2 2
466 467 31 8
466 468 48 6
466 469 29 8
466 470 22 7
466 478 9 5
466 479 15 10
466 480 20 8
466 481 7 1
466 482 41 1
466 526 41 1
466 556 39 9
466 611 4 7
466 725 12 1
466 782 44 5
466 804 45 8
466 835 9 10
466 952 37 2
466 1094 32 1
466 1185 39 3
467 468 31 5
467 469 8 7
467 470 29 6
467 483 12 4
467 484 13 8
467 620 40 5
467 626 2 7
467 750 6 8
467 771 6 7
467 845 38 2
467 880 47 8
467 1001 25 5
467 1017 9 8
467 1081 44 1
468 469 42 7
468 470 21 6
468 485 23 5
468 486 30 5
468 487 9 3
468 488 49 2
468 489 32 10
468 490 9 9
468 491 45 7
468 526 5 5
468 620 21 1
468 721 15 8
468 805 23 4
468 835 28 1
468 995 48 4
468 1001 9 5
468 1172 5 4
469 470 10 1
469 492 43 2
469 515 39 10
469 538 27 3
469 670 18 9
469 698 47 2
469 780 44 2
469 956 16 9
469 995 32 3
469 1017 9 1
469 1056 10 9
469 1118 36 2
469 1150 46 4
469 1153 11 4
470 493 7 6
470 494 27 6
470 515 45 1
470 536 8 2
470 557 7 2
470 570 17 3
470 577 1 1
470 579 16 8
470 610 36 5
470 642 11 8
470 752 3 5
470 770 10 4
470 841 41 1
470 883 44 5
470 913 31 2
470 1080 49 4
470 1094 45 5
471 592 4 7
473 894 44 8
473 940 22 2
476 676 23 1
479 909 49 9
483 599 50 3
483 728 36 8
485 862 11 3
487 686 40 4
489 707 3 6
491 940 33 9
495 496 21 4
495 497 13 2
495 498 5 3
495 499 3 7
495 500 38 5
495 501 45 4
495 502 32 3
495 503 48 9
495 504 46 4
495 505 17 7
495 515 3 9
495 526 48 10
495 538 40 6
495 555 5 3
495 575 27 9
495 611 9 2
495 641 17 8
495 723 17 4
495 801 19 9
495 835 25 4
495 840 22 6
495 871 28 1
495 1030 22 3
495 1033 4 6
495 1055 8 1
495 1057 37 9
495 1080 16 10
495 1121 5 9
495 1171 1 1
495 1187 44 4
496 497 14 3
496 498 41 5
496 506 6 5
496 525 45 2
496 625 42 6
496 667 44 2
496 751 13 9
496 803 48 10
496 884 13 4
496 910 16 10
496 1016 15 6
496 1151 27 3
496 1152 7 2
497 498 46 5
497 507 30 9
497 508 36 1
497 509 45 9
497 510 22 6
497 575 4 10
497 644 33 9
497 696 28 10
497 698 11 8
497 725 38 9
497 751 49 4
497 782 47 7
497 835 15 1
497 843 46 9
497 995 34 2
497 1001 18 9
497 1002 21 3
497 1080 12 4
497 1170 25 3
497 1185 34 6
498 511 30 6
498 512 16 2
498 513 6 9
498 514 34 1
498 516 24 6
498 538 27 5
498 555 32 9
498 570 32 2
498 620 26 5
498 627 48 3
498 770 33 8
498 771 18 2
498 782 38 9
498 871 46 8
498 885 4 5
498 911 45 1
498 951 1 5
498 958 46 8
498 995 40 3
498 1016 30 7
498 1092 2 5
498 1093 34 9
498 1115 6 5
501 868 38 7
501 1085 3 8
502 719 4 4
502 966 29 2
506 562 25 10
507 1021 9 2
508 1011 27 2
508 1052 48 10
510 567 24 2
512 1060 39 9
513 663 14 9
513 1142 14 6
515 516 21 7
515 517 33 3
515 518 50 2
515 526 43 3
515 535 27 9
515 570 20 6
515 575 44 10
515 577 30 5
515 610 7 7
515 625 40 9
515 627 21 2
515 644 41 4
515 667 21 1
515 699 14 4
515 724 26 10
515 751 36 3
515 753 43 4
515 770 11 2
515 802 24 7
515 805 8 8
515 835 26 4
515 870 3 5
515 880 21 5
515 956 1 10
515 995 10 6
515 1001 8 5
515 1016 22 1
515 1017 9 5
515 1031 3 4
515 1059 21 6
515 1081 50 3
515 1092 38 10
516 519 21 8
516 520 44 7
516 521 19 8
516 522 9 5
516 523 37 5
516 524 3 3
516 525 30 2
516 535 49 1
516 555 48 5
516 556 35 3
516 611 30 6
516 620 33 9
516 644 20 7
516 669 5 5
516 697 2 9
516 722 40 8
516 770 45 8
516 780 46 3
516 782 45 4
516 835 45 1
516 841 4 1
516 842 3 7
516 870 24 10
516 884 16 4
516 916 17 7
516 917 2 5
516 957 29 5
516 995 1 7
516 1000 22 5
516 1030 14 3
516 1057 17 2
516 1080 44 9
516 1093 2 7
516 1117 22 7
516 1150 44 10
516 1152 25 7
516 1171 9 5
516 1172 2 1
516 1186 38 10
517 848 8 8
518 1189 22 3
520 675 37 7
520 1154 1 4
524 1041 22 7
525 526 29 1
525 527 13 1
525 528 9 2
525 537 13 9
525 538 47 2
525 556 40 6
525 570 1 3
525 576 30 9
525 581 15 10
525 611 29 1
525 620 3 5
525 627 28 4
525 641 27 1
525 666 42 10
525 698 10 8
525 721 3 3
525 724 14 6
525 752 48 6
525 770 15 1
525 781 29 4
525 835 24 9
525 841 24 5
525 870 29 5
525 881 5 6
525 911 33 4
525 957 1 4
525 1016 42 2
525 1017 7 9
525 1033 37 6
525 1034 22 10
525 1055 14 10
525 1091 37 1
525 1116 6 2
525 1150 23 4
525 1171 17 10
525 1186 27 7
526 529 42 10
526 530 29 9
526 531 35 5
526 532 4 8
526 533 9 3
526 534 32 4
526 555 28 8
526 570 33 4
526 620 24 7
526 627 7 8
526 667 3 8
526 698 31 6
526 751 15 10
526 771 9 8
526 781 26 6
526 802 30 7
526 804 49 6
526 845 8 8
526 870 25 8
526 881 34 6
526 910 2 1
526 955 1 1
526 995 37 1
526 1001 18 7
526 1002 46 5
526 1058 41 8
526 1080 9 10
526 1081 25 5
526 1094 24 5
526 1152 41 10
526 1170 8 6
526 1186 15 1
528 531 20 10
529 1029 12 2
530 1161 13 10
535 536 1 3
535 537 9 10
535 538 32 10
535 539 15 7
535 540 14 5
535 541 24 10
535 542 18 10
535 543 40 4
535 570 4 6
535 577 45 7
535 611 18 9
535 665 30 6
535 698 3 1
535 723 5 2
535 781 49 4
535 882 35 7
535 950 45 3
535 1056 48 3
535 1186 8 3
536 537 28 9
536 538 1 5
536 544 43 5
536 545 30 4
536 546 21 4
536 547 46 1
536 548 44 7
536 549 25 7
536 557 7 1
536 620 13 10
536 625 17 5
536 696 30 8
536 802 45 5
536 835 39 2
536 870 24 8
536 913 3 1
536 954 9 7
536 1016 25 4
536 1030 49 8
536 1090 38 2
536 1152 49 7
536 1153 27 6
536 1185 14 8
537 538 12 6
537 550 12 3
537 551 45 9
537 552 20 10
537 553 10 2
537 570 37 2
537 610 21 10
537 721 42 10
537 770 2 1
537 806 24 4
537 835 24 5
537 880 37 9
537 915 39 6
537 1000 30 2
537 1002 27 6
537 1016 8 1
537 1055 47 7
537 1080 46 3
537 1118 17 3
537 1119 44 8
537 1170 24 6
537 1171 15 4
538 554 10 2
538 555 50 4
538 581 4 3
538 620 28 3
538 625 1 9
538 640 9 3
538 643 30 2
538 669 12 6
538 752 45 4
538 753 7 9
538 770 30 8
538 782 15 4
538 842 3 6
538 844 37 8
538 870 35 2
538 995 36 3
538 1030 34 7
538 1080 26 1
538 1094 36 10
541 857 48 8
544 964 24 8
546 829 32 2
547 676 44 1
548 654 12 9
549 1052 37 10
550 567 38 9
553 727 20 9
555 556 3 5
555 557 8 7
555 558 42 4
555 559 33 2
555 560 24 5
555 561 41 4
555 626 21 1
555 669 44 2
555 699 11 2
555 720 7 7
555 770 21 8
555 804 33 1
555 835 36 1
555 841 30 9
555 953 46 10
555 1001 9 3
555 1015 24 3
555 1056 10 1
555 1080 20 2
555 1092 30 4
555 1094 46 10
555 1116 13 10
555 1172 20 2
556 557 23 6
556 562 36 5
556 570 6 7
556 576 25 3
556 610 31 5
556 641 30 5
556 753 27 5
556 781 27 1
556 914 21 4
556 995 15 1
556 1015 33 2
556 1032 22 4
556 1034 26 10
556 1059 10 3
556 1187 43 7
557 563 20 2
557 564 49 7
557 565 24 2
557 566 16 7
557 567 7 7
557 568 29 7
557 569 45 3
557 570 2 6
557 580 12 7
557 610 38 6
557 620 4 6
557 626 1 3
557 641 22 3
557 666 3 7
557 698 50 8
557 722 41 4
557 752 33 10
557 782 30 1
557 803 46 6
557 840 49 10
557 870 37 7
557 871 41 5
557 884 30 2
557 885 23 6
557 914 34 2
557 952 32 3
557 995 2 9
557 1002 44 1
557 1081 36 10
557 1118 6 10
557 1150 3 2
557 1151 5 1
557 1170 10 7
558 651 10 1
558 1063 21 5
559 850 12 5
560 1049 7 10
562 726 12 1
567 865 15 7
570 571 32 2
570 572 50 10
570 573 40 2
570 574 16 7
570 577 11 6
570 579 33 8
570 610 42 3
570 620 2 1
570 625 50 9
570 626 5 6
570 643 31 2
570 665 36 9
570 668 12 6
570 695 33 5
570 698 45 1
570 722 2 2
570 750 42 3
570 753 29 10
570 771 11 9
570 780 14 6
570 781 37 7
570 804 31 7
570 806 46 7
570 835 17 3
570 844 31 10
570 870 17 9
570 871 37 8
570 882 12 8
570 883 17 7
570 912 21 5
570 915 43 3
570 950 1 3
570 954 1 2
570 995 33 2
570 1002 29 3
570 1016 37 9
570 1031 50 10
570 1032 10 5
570 1055 30 1
570 1057 37 10
570 1081 47 7
570 1091 11 1
570 1093 22 6
570 1117 25 6
570 1120 6 1
570 1151 43 2
570 1153 39 8
570 1171 1 5
570 1172 49 8
570 1185 9 4
570 1186 40 8
571 1113 21 7
573 494 13 6
575 576 11 8
575 577 37 7
575 578 11 2
575 579 9 6
575 580 4 3
575 581 35 8
575 582 40 4
575 583 42 6
575 584 45 10
575 585 30 4
575 586 42 5
575 620 27 10
575 625 26 3
575 643 32 7
575 871 5 2
575 912 28 2
575 1057 22 9
575 1116 46 7
575 1186 26 1
576 577 6 9
576 578 16 1
576 579 50 8
576 580 19 5
576 581 30 6
576 587 40 10
576 588 3 5
576 589 46 2
576 590 10 6
576 611 38 2
576 641 38 7
576 698 33 8
576 750 23 5
576 781 49 5
576 805 15 7
576 835 16 8
576 953 47 8
576 1033 34 5
576 1059 12 1
576 1094 13 9
576 1170 3 7
577 578 20 1
577 579 20 5
577 580 36 8
577 581 26 9
577 591 16 6
577 592 29 4
577 670 26 2
577 752 45 4
577 780 28 7
577 835 39 7
577 882 44 8
577 1015 21 6
577 1185 3 4
578 579 2 2
578 580 36 9
578 581 48 9
578 593 45 9
578 594 46 1
578 595 6 5
578 596 2 4
578 597 45 10
578 620 48 1
578 870 43 7
578 951 16 1
578 1092 34 4
578 1151 14 2
579 580 16 3
579 581 20 9
579 598 19 3
579 599 44 7
579 600 3 8
579 722 5 10
579 771 43 9
579 805 33 7
579 1016 49 4
579 1032 14 7
579 1080 6 4
580 581 37 5
580 601 48 6
580 602 6 8
580 603 28 7
580 604 50 8
580 668 44 7
580 699 34 5
580 724 6 5
580 843 42 5
580 914 40 6
580 1001 8 4
580 1081 21 6
580 1116 37 7
580 1152 26 5
581 605 47 8
581 606 28 4
581 607 8 10
581 608 40 10
581 609 2 7
581 610 27 10
581 627 17 2
581 770 2 6
581 884 29 5
581 995 25 9
581 1002 5 10
581 1172 32 9
582 594 44 3
582 743 15 7
582 928 24 2
583 832 46 9
584 608 30 1
585 1125 26 2
587 1062 8 1
592 1164 12 3
595 1076 30 1
597 616 32 3
597 1145 47 3
599 1174 31 5
601 1021 23 7
602 991 37 9
608 851 12 6
610 611 22 5
610 612 30 3
610 613 18 8
610 620 18 1
610 626 12 9
610 642 8 9
610 665 12 3
610 666 40 9
610 696 30 2
610 720 7 2
610 751 24 4
610 771 34 5
610 783 9 6
610 805 31 2
610 835 27 5
610 843 24 10
610 882 5 8
610 914 4 4
610 950 3 8
610 995 45 3
610 1000 37 4
610 1015 44 8
610 1030 30 10
610 1032 21 5
610 1057 29 4
610 1080 48 9
610 1081 48 6
610 1094 29 1
610 1172 2 3
610 1187 20 7
611 614 23 3
611 615 4 4
611 616 9 8
611 617 45 3
611 618 20 5
611 619 21 3
611 620 25 3
611 640 34 4
611 699 10 10
611 720 44 6
611 753 31 10
611 771 36 4
611 780 31 1
611 803 48 10
611 835 21 6
611 843 1 5
611 870 16 3
611 871 5 9
611 885 45 3
611 915 43 4
611 953 24 4
611 995 44 7
611 1000 32 9
611 1016 26 6
611 1055 7 5
611 1093 22 10
611 1115 20 8
611 1116 40 10
611 1151 47 5
611 1171 16 9
611 1185 40 1
612 960 45 9
613 694 23 10
613 1192 4 8
616 621 9 4
617 879 24 2
619 1192 32 6
620 621 13 9
620 622 15 2
620 623 22 6
620 624 45 10
620 625 31 1
620 627 45 6
620 640 48 6
620 642 14 10
620 668 21 3
620 699 13 4
620 723 50 6
620 725 13 4
620 750 16 10
620 752 50 3
620 770 9 7
620 780 48 2
620 801 7 9
620 806 48 4
620 835 30 10
620 843 2 4
620 870 31 4
620 871 45 2
620 882 48 1
620 884 12 1
620 912 33 8
620 917 46 9
620 950 19 3
620 951 7 2
620 995 43 4
620 1000 14 9
620 1001 14 7
620 1015 17 8
620 1032 46 5
620 1034 42 10
620 1059 11 1
620 1081 45 10
620 1090 18 1
620 1091 26 9
620 1116 13 2
620 1117 34 3
620 1150 1 9
620 1153 9 8
620 1170 7 4
620 1186 3 3
620 1187 21 7
622 756 28 9
623 889 17 6
625 626 19 1
625 627 7 10
625 628 12 5
625 629 40 3
625 630 25 5
625 631 18 9
625 695 26 6
625 753 45 6
625 770 5 1
625 806 12 7
625 835 23 9
625 917 8 7
625 995 45 10
625 1034 19 5
625 1059 17 5
625 1080 15 7
625 1093 39 1
625 1120 21 8
625 1152 3 8
626 627 20 3
626 632 48 1
626 633 31 7
626 634 45 9
626 635 26 2
626 641 18 6
626 665 5 9
626 696 35 1
626 722 45 9
626 770 34 8
626 781 31 6
626 783 26 5
626 806 33 10
626 841 22 2
626 885 25 7
626 951 49 5
626 1000 26 6
626 1001 28 1
626 1017 3 8
626 1030 44 9
626 1059 26 3
626 1081 18 5
626 1092 36 5
626 1121 4 5
626 1171 21 3
626 1187 5 3
627 636 43 5
627 637 8 7
627 638 18 7
627 639 48 9
627 643 9 8
627 665 2 4
627 750 36 6
627 835 31 5
627 845 14 2
627 871 2 9
627 882 21 10
627 912 21 10
627 954 1 5
627 1015 13 7
627 1151 39 7
627 1172 17 8
627 1187 10 5
630 961 50 4
631 1024 18 5
634 1037 9 6
640 641 45 7
640 642 47 10
640 643 40 4
640 644 32 8
640 645 41 6
640 752 45 8
640 835 41 8
640 870 8 2
640 871 16 5
640 883 23 3
640 995 31 4
640 1091 33 8
640 1152 50 5
641 642 14 9
641 643 48 6
641 644 49 10
641 646 27 1
641 647 15 10
641 648 34 7
641 695 1 5
641 698 13 1
641 751 29 5
641 882 28 1
641 1032 28 1
641 1059 7 3
641 1080 40 4
641 1186 44 8
642 643 15 2
642 644 7 6
642 649 18 1
642 650 44 3
642 651 6 7
642 652 45 4
642 653 31 1
642 665 36 10
642 666 39 9
642 720 13 4
642 780 22 6
642 782 2 8
642 1015 6 4
643 644 7 9
643 654 10 7
643 655 25 5
643 656 16 7
643 657 30 5
643 658 31 8
643 659 19 10
643 660 9 3
643 661 6 7
643 723 37 1
643 770 7 2
643 801 16 3
643 806 36 7
643 840 40 2
643 916 33 9
643 1001 30 7
643 1031 25 4
643 1081 38 2
643 1115 28 4
643 1120 33 3
643 1151 34 8
643 1170 6 6
643 1172 8 10
643 1187 9 9
644 662 37 8
644 663 28 10
644 664 29 4
644 770 38 10
644 841 16 4
644 910 28 10
644 953 18 5
644 957 17 7
644 1002 42 4
644 1017 42 4
644 1058 10 9
644 1092 32 5
645 714 43 6
645 828 23 5
650 765 39 7
656 673 35 4
660 671 14 5
660 1138 7 5
661 729 8 9
665 666 20 7
665 667 38 7
665 668 24 3
665 669 18 7
665 670 2 2
665 671 33 5
665 672 18 5
665 673 22 6
665 770 45 5
665 781 13 3
665 911 21 6
665 955 36 3
665 995 7 4
665 1015 28 5
665 1017 33 4
665 1081 8 2
665 1093 47 6
665 1185 16 10
666 667 29 3
666 668 37 4
666 669 17 8
666 670 16 9
666 674 19 3
666 675 46 5
666 676 12 3
666 695 13 9
666 699 8 6
666 844 45 6
666 883 24 1
667 668 37 10
667 669 14 6
667 670 11 4
667 677 33 9
667 678 6 6
667 679 26 5
667 680 33 4
667 681 49 1
667 682 50 5
667 720 23 3
667 871 4 9
667 882 41 3
667 995 8 7
667 1001 8 9
667 1058 37 4
667 1091 7 9
667 1119 35 4
667 1172 32 6
668 669 21 10
668 670 3 8
668 683 1 4
668 684 30 8
668 835 48 6
668 844 39 4
668 1034 26 5
668 1117 30 5
669 670 11 5
669 685 8 2
669 686 33 7
669 753 19 6
669 783 9 3
669 805 10 9
669 913 25 9
669 950 36 4
669 1031 21 7
669 1055 27 5
669 1187 30 6
670 687 5 2
670 688 11 6
670 689 34 8
670 690 14 7
670 691 17 1
670 692 30 6
670 693 11 9
670 694 16 5
670 721 15 7
670 752 28 3
670 771 44 1
670 802 47 10
670 835 32 2
670 870 21 10
670 1080 47 10
670 1153 3 7
670 1170 32 3
672 932 28 8
674 895 22 8
675 974 2 2
675 975 29 8
680 1141 17 1
681 1010 6 5
683 814 46 8
683 964 8 7
683 1162 19 2
684 993 40 10
693 1070 50 7
695 696 29 3
695 697 48 9
695 698 29 7
695 699 15 10
695 700 18 4
695 701 30 2
695 702 1 10
695 703 46 8
695 704 8 9
695 705 41 3
695 706 45 7
695 770 7 8
695 782 22 3
695 835 24 2
695 843 18 5
695 870 30 9
695 912 21 1
695 914 36 8
695 1153 34 3
696 697 36 2
696 698 44 10
696 699 35 5
696 707 47 10
696 708 17 5
696 724 17 3
696 751 49 3
696 871 16 5
696 883 10 6
696 955 43 6
696 1117 50 3
696 1172 30 7
697 698 15 8
697 699 37 4
697 709 32 10
697 710 4 5
697 770 18 9
697 835 38 5
697 882 2 5
697 995 4 1
697 1016 3 1
697 1059 29 8
697 1091 27 8
697 1093 6 7
697 1170 33 1
698 699 1 3
698 711 19 10
698 712 31 2
698 750 38 6
698 782 20 2
698 803 18 6
698 1001 43 1
698 1032 16 7
698 1080 26 4
698 1081 12 3
698 1151 7 7
699 713 26 4
699 714 21 9
699 715 11 4
699 716 15 4
699 717 5 1
699 718 26 2
699 719 4 6
699 725 43 9
699 806 46 3
699 840 26 4
699 956 50 10
699 1002 10 4
699 1017 5 6
699 1032 16 10
699 1058 12 5
699 1120 27 9
699 1185 24 1
700 1026 46 9
700 1075 5 1
701 909 8 2
702 1042 37 8
704 832 22 4
707 718 23 6
708 743 7 7
718 784 42 7
718 1074 29 2
720 721 38 10
720 722 38 4
720 723 15 7
720 724 41 2
720 725 30 6
720 726 23 6
720 727 16 6
720 803 13 10
720 912 32 1
720 953 3 6
720 1015 6 7
720 1081 22 4
720 1152 8 5
720 1187 7 8
721 722 4 10
721 723 50 9
721 724 50 2
721 725 43 5
721 728 38 3
721 729 6 5
721 835 7 1
721 885 31 3
721 995 45 4
721 1034 22 7
721 1186 21 5
722 723 22 4
722 724 7 5
722 725 37 3
722 730 36 5
722 731 18 9
722 732 16 4
722 751 24 1
722 870 44 5
722 1002 10 1
722 1118 46 9
722 1151 48 2
722 1170 44 2
723 724 11 9
723 725 8 5
723 733 46 3
723 734 30 8
723 735 27 9
723 736 17 6
723 737 11 3
723 738 12 10
723 739 41 9
723 843 44 7
723 995 36 3
723 1017 10 9
723 1056 5 6
723 1058 3 8
723 1090 33 8
723 1094 40 5
724 725 43 2
724 740 15 1
724 741 5 1
724 742 32 6
724 780 15 7
724 804 43 5
724 871 31 8
724 917 47 3
724 1032 47 9
724 1171 30 8
725 743 11 3
725 744 30 2
725 745 5 8
725 746 7 8
725 747 15 7
725 748 20 3
725 749 21 6
725 751 35 9
725 770 2 1
725 771 20 8
725 835 10 7
725 882 50 9
725 950 9 8
725 1000 11 7
725 1080 50 4
725 1117 13 6
727 1184 15 1
728 900 22 10
732 847 21 1
734 742 24 2
735 833 39 7
739 813 29 3
745 859 8 7
748 975 46 1
749 872 48 3
750 751 33 9
750 752 34 3
750 753 12 2
750 754 10 7
750 780 20 7
750 885 33 5
750 914 45 5
750 915 30 8
750 955 21 7
750 995 49 10
750 1034 3 5
750 1057 47 9
750 1080 43 4
750 1153 21 5
751 752 30 4
751 753 41 7
751 755 24 4
751 756 49 8
751 757 43 1
751 758 25 5
751 759 50 1
751 760 30 7
751 771 13 7
751 843 11 7
751 883 36 8
751 1000 18 2
751 1016 21 7
751 1033 50 9
751 1171 2 5
752 753 8 10
752 761 14 1
752 762 25 3
752 763 27 5
752 771 8 5
752 782 32 1
752 803 35 6
752 845 28 7
752 870 33 4
752 871 40 2
752 952 31 3
752 1001 12 5
752 1017 48 6
752 1080 15 9
752 1118 37 3
752 1119 10 2
752 1152 45 10
752 1170 21 9
752 1186 43 4
753 764 40 8
753 765 7 1
753 766 46 10
753 767 29 9
753 768 30 4
753 769 7 7
753 803 27 3
753 835 23 8
753 1091 14 7
753 1093 24 9
753 1187 49 5
759 837 40 3
761 1137 15 9
763 862 50 6
767 1046 43 8
769 1019 30 6
770 771 41 5
770 772 18 9
770 773 44 6
770 774 37 1
770 775 38 9
770 805 16 4
770 835 29 1
770 840 49 4
770 915 35 6
770 951 5 5
770 995 13 6
770 1000 7 4
770 1002 15 8
770 1015 24 9
770 1016 42 6
770 1034 28 3
770 1058 13 10
770 1094 18 7
770 1116 30 10
770 1150 4 1
770 1186 22 1
771 776 23 9
771 777 17 2
771 778 33 5
771 779 27 7
771 780 22 9
771 782 25 4
771 800 42 4
771 835 31 6
771 840 21 10
771 871 41 9
771 883 11 2
771 885 36 1
771 915 39 9
771 957 17 9
771 995 24 6
771 1032 33 6
771 1056 48 9
771 1080 41 6
771 1081 45 6
771 1093 25 9
771 1118 20 10
771 1170 43 9
771 1171 49 2
772 988 23 6
774 1082 16 5
776 820 32 5
776 869 42 7
777 1042 31 7
778 856 40 1
780 781 29 6
780 782 38 5
780 783 19 8
780 784 49 9
780 785 19 8
780 835 20 3
780 870 29 4
780 880 9 1
780 915 50 9
780 951 17 9
780 1017 25 10
780 1033 41 10
780 1059 8 7
780 1090 35 5
780 1152 21 9
780 1172 35 8
781 782 40 2
781 783 40 3
781 786 33 7
781 787 48 8
781 788 1 3
781 803 24 2
781 958 22 3
781 995 29 1
781 1000 1 4
781 1002 23 7
781 1015 39 3
781 1058 17 4
781 1080 17 6
781 1170 33 4
781 1185 48 2
782 783 47 10
782 789 41 6
782 790 10 5
782 791 4 6
782 792 27 8
782 805 22 6
782 870 29 7
782 1030 43 8
782 1116 39 7
782 1118 9 3
782 1152 36 4
782 1185 17 7
783 793 28 10
783 794 9 4
783 795 1 1
783 796 5 1
783 797 27 7
783 798 2 4
783 799 2 7
783 843 31 6
783 884 22 1
783 915 34 1
783 995 9 9
783 1080 27 9
783 1093 47 4
791 893 3 4
792 1061 30 10
794 978 20 3
796 1146 24 6
797 904 41 8
798 1065 6 6
800 801 18 1
800 802 33 6
800 803 38 1
800 804 38 7
800 805 9 3
800 806 49 9
800 807 31 10
800 808 41 9
800 884 16 1
800 1033 22 3
800 1080 22 3
800 1116 27 6
800 1150 25 1
800 1172 16 2
801 802 43 1
801 803 27 6
801 804 20 3
801 805 29 7
801 806 49 2
801 809 2 3
801 810 8 3
801 811 24 5
801 812 37 2
801 813 37 10
801 1016 20 2
802 803 17 4
802 804 49 8
802 805 46 1
802 806 10 7
802 814 12 7
802 815 32 7
802 816 15 5
802 817 24 10
802 818 12 1
802 883 23 1
802 913 47 7
802 958 39 2
802 1058 48 2
802 1153 2 2
802 1186 7 1
803 804 32 4
803 805 2 4
803 806 44 10
803 819 44 7
803 820 29 3
803 821 14 6
803 822 32 7
803 823 42 10
803 824 25 6
803 825 41 6
803 916 3 10
803 995 15 7
803 1057 32 4
803 1115 32 4
803 1187 46 9
804 805 34 9
804 806 9 5
804 826 50 2
804 870 9 5
804 1001 35 6
804 1033 50 2
805 806 42 6
805 827 38 3
805 828 4 3
805 829 27 9
805 840 35 4
805 845 49 5
805 951 43 2
805 995 41 7
805 1001 39 10
805 1091 42 7
806 830 2 1
806 831 27 5
806 832 24 7
806 833 40 1
806 834 18 2
806 835 43 3
806 871 31 5
806 1016 40 10
806 1081 11 8
806 1094 39 1
806 1170 31 10
808 969 39 8
811 1196 20 5
813 1036 43 9
819 963 45 9
822 1159 14 5
824 935 24 2
829 936 9 6
832 984 41 7
832 1042 25 1
835 836 46 9
835 837 26 9
835 838 12 6
835 839 44 3
835 843 11 7
835 870 30 9
835 880 28 2
835 883 23 4
835 913 40 10
835 915 29 6
835 954 21 3
835 957 17 6
835 995 38 8
835 1001 44 8
835 1002 10 8
835 1017 43 8
835 1030 8 7
835 1034 4 9
835 1058 32 5
835 1059 37 3
835 1081 4 6
835 1092 19 1
835 1115 3 5
835 1120 7 10
835 1151 27 4
835 1152 12 3
835 1170 45 2
835 1186 48 4
835 1187 2 8
837 961 20 3
840 841 3 10
840 842 33 3
840 843 32 6
840 844 9 10
840 845 39 4
840 846 49 1
840 847 17 4
840 1151 32 2
840 1185 13 1
841 842 7 4
841 843 27 2
841 844 25 4
841 845 48 5
841 848 43 8
841 849 30 9
841 850 47 2
841 851 3 3
841 852 13 9
841 1015 29 1
841 1056 13 3
841 1150 38 5
841 1170 32 10
842 843 46 4
842 844 21 9
842 845 20 9
842 853 27 1
842 854 2 3
842 870 25 4
842 884 41 9
842 995 30 4
842 1016 19 8
842 1057 11 2
842 1118 37 10
843 844 26 6
843 845 44 10
843 855 9 6
843 856 33 5
843 857 39 1
843 858 28 8
843 859 21 4
843 882 2 8
843 954 26 7
843 1000 16 9
843 1091 34 8
844 845 27 2
844 860 7 1
844 861 48 6
844 862 6 5
844 863 50 2
844 864 19 9
844 865 36 6
844 866 43 5
844 917 39 6
844 955 42 10
844 1001 40 3
844 1030 47 2
844 1092 35 7
844 1172 5 7
844 1185 9 2
845 867 5 2
845 868 15 7
845 869 25 5
845 870 18 7
845 913 39 9
845 995 1 1
845 1080 36 1
845 1081 39 10
845 1119 37 4
847 972 47 5
850 926 7 3
850 1180 26 4
851 889 50 8
852 1068 12 6
853 1044 29 1
859 1060 48 6
861 1148 1 10
866 1175 29 7
867 1188 39 2
870 871 6 9
870 872 43 2
870 873 4 1
870 874 16 8
870 875 1 6
870 883 36 2
870 885 42 7
870 915 12 2
870 917 27 7
870 957 7 9
870 958 7 10
870 995 12 9
870 1002 45 10
870 1031 44 1
870 1055 40 10
870 1058 10 3
870 1080 1 8
870 1091 1 2
870 1151 46 8
870 1170 25 10
870 1186 30 4
871 876 30 10
871 877 43 10
871 878 6 6
871 879 4 6
871 995 10 10
871 1002 38 4
871 1016 15 9
871 1017 44 2
871 1033 39 10
871 1094 8 10
871 1116 2 10
871 1119 22 7
871 1152 8 2
871 1170 17 10
871 1186 6 7
873 976 7 10
873 1027 36 10
876 877 12 7
876 1124 31 4
879 967 12 2
880 881 27 9
880 882 49 9
880 883 10 6
880 884 12 8
880 885 15 9
880 886 13 1
880 887 23 5
880 888 42 9
880 889 6 3
880 890 25 4
880 891 40 10
880 892 30 5
880 893 20 2
880 955 38 10
880 1091 39 9
880 1150 11 7
881 882 19 5
881 883 33 7
881 884 34 4
881 885 27 7
881 894 40 2
881 917 50 5
881 995 7 10
881 1000 42 7
881 1016 47 6
881 1031 31 10
882 883 4 3
882 884 13 3
882 885 39 10
882 895 36 10
882 896 36 6
882 897 36 7
882 898 28 5
882 899 27 2
882 900 29 5
882 1055 37 8
882 1115 30 9
882 1170 21 8
882 1185 49 8
883 884 48 4
883 885 1 9
883 901 31 7
883 902 11 4
883 903 34 6
883 904 21 5
883 995 11 3
883 1002 19 7
883 1080 14 4
883 1118 1 2
883 1185 1 3
884 885 7 10
884 905 12 4
884 906 49 6
884 907 50 6
884 955 10 9
884 1016 33 7
884 1030 8 6
884 1081 20 4
885 908 11 4
885 909 34 6
885 914 38 10
885 1059 4 10
885 1091 36 4
885 1152 26 6
885 1170 35 5
889 1163 1 10
902 1071 15 1
904 1179 33 3
907 948 25 2
909 1173 13 8
910 911 2 10
910 912 10 3
910 913 34 5
910 914 39 9
910 915 46 2
910 916 38 7
910 917 34 7
910 918 20 3
910 919 35 4
910 995 10 5
910 1000 23 8
910 1081 39 2
911 912 20 1
911 913 49 6
911 914 46 5
911 915 17 10
911 916 41 8
911 917 48 5
911 920 13 10
911 921 15 1
911 922 32 4
911 923 6 10
911 1058 28 3
912 913 39 6
912 914 37 4
912 915 34 1
912 916 33 3
912 917 6 9
912 924 15 7
912 925 20 2
912 926 3 1
912 927 7 9
912 928 25 10
912 956 1 10
912 995 35 7
912 1121 12 2
913 914 30 8
913 915 6 8
913 916 9 3
913 917 46 7
913 929 16 6
913 930 14 9
913 931 9 3
913 932 15 8
914 915 24 5
914 916 44 7
914 917 8 10
914 933 35 7
914 934 36 1
914 935 11 9
914 951 49 8
914 1000 14 10
914 1171 1 1
915 916 20 5
915 917 38 9
915 936 27 1
915 937 23 1
915 938 24 2
915 939 16 5
915 940 32 2
915 941 23 7
915 1030 46 9
915 1059 6 8
915 1185 50 7
915 1186 23 2
916 917 4 5
916 942 25 10
916 943 2 2
916 944 15 7
916 945 45 6
916 946 28 6
916 1080 34 4
916 1094 4 4
916 1150 2 8
916 1151 5 10
917 947 19 1
917 948 48 6
917 949 26 6
917 1015 8 10
917 1034 3 6
917 1091 30 3
917 1116 23 7
917 1171 33 6
919 960 8 9
924 1009 47 6
925 1062 32 6
925 1138 10 4
928 986 24 8
933 1109 11 10
937 944 33 1
940 1082 14 7
941 1040 18 9
943 1110 33 6
947 1012 9 4
950 951 3 3
950 952 24 8
950 953 16 6
950 954 46 8
950 955 40 8
950 956 29 6
950 957 8 9
950 958 18 7
950 959 17 6
950 960 34 3
950 1001 18 3
950 1016 35 3
950 1080 35 7
951 952 10 2
951 953 30 3
951 954 13 8
951 955 46 8
951 956 30 10
951 957 15 8
951 958 1 1
951 961 7 8
951 962 49 8
951 1002 49 8
951 1017 7 6
952 953 24 4
952 954 35 9
952 955 4 7
952 956 33 4
952 957 46 10
952 958 47 3
952 963 31 3
952 964 43 10
952 965 4 7
952 966 15 1
952 967 29 5
952 968 31 5
952 969 28 4
952 1031 28 6
952 1090 47 3
952 1185 12 5
953 954 8 7
953 955 2 6
953 956 20 1
953 957 10 2
953 958 8 8
953 970 3 8
953 971 43 7
953 972 3 10
953 973 4 10
953 1171 11 2
954 955 47 10
954 956 6 7
954 957 31 10
954 958 38 3
954 974 20 2
954 975 42 10
954 976 18 1
954 977 8 9
954 995 11 3
954 1056 29 2
954 1059 39 3
954 1093 17 6
954 1187 11 5
955 956 6 5
955 957 24 9
955 958 5 1
955 978 20 8
955 979 19 9
955 980 9 8
955 981 35 6
955 982 42 6
955 983 13 2
956 957 8 2
956 958 33 3
956 984 49 10
956 985 25 6
956 986 36 9
956 987 12 6
956 988 46 8
956 1117 42 4
956 1151 46 9
956 1171 12 6
957 958 9 10
957 989 2 10
957 995 14 7
957 1080 11 7
957 1120 29 3
957 1150 8 4
958 990 32 6
958 991 15 5
958 992 28 10
958 993 38 6
958 994 32 6
958 1031 14 1
961 1175 38 3
971 984 11 1
972 1072 2 6
979 1135 38 7
993 1178 36 10
995 996 47 2
995 997 25 8
995 998 46 2
995 999 9 2
995 1000 15 3
995 1001 2 6
995 1015 10 4
995 1016 35 4
995 1031 30 9
995 1034 45 3
995 1056 32 6
995 1059 31 5
995 1080 11 9
995 1081 49 3
995 1094 40 3
995 1115 42 6
995 1121 24 5
995 1151 31 2
995 1153 10 9
995 1170 32 2
995 1171 4 8
995 1185 31 1
995 1187 42 6
1000 1001 6 3
1000 1002 28 5
1000 1003 40 5
1000 1004 20 1
1000 1031 50 4
1000 1033 14 7
1000 1151 49 10
1000 1185 36 5
1001 1002 15 7
1001 1005 22 9
1001 1006 11 3
1001 1007 38 4
1001 1008 29 8
1001 1017 46 1
1001 1057 40 10
1001 1081 40 2
1001 1090 36 6
1001 1120 35 9
1001 1171 43 7
1001 1186 49 9
1002 1009 35 4
1002 1010 39 4
1002 1011 34 9
1002 1012 48 4
1002 1013 33 5
1002 1014 34 7
1002 1015 17 6
1002 1056 5 5
1002 1081 25 1
1002 1091 17 3
1002 1117 43 2
1002 1152 16 7
1002 1171 9 8
1003 1143 20 8
1015 1016 6 6
1015 1017 16 2
1015 1018 9 5
1015 1019 18 7
1015 1020 1 6
1015 1021 15 7
1015 1022 26 3
1015 1023 24 3
1015 1057 34 10
1015 1081 15 4
1015 1090 43 2
1015 1091 12 8
1015 1116 46 2
1015 1121 24 8
1015 1152 21 10
1015 1171 25 8
1015 1186 34 7
1016 1017 30 3
1016 1024 18 4
1016 1025 25 2
1016 1026 12 4
1016 1027 29 10
1016 1028 30 2
1016 1031 8 5
1016 1081 37 10
1017 1029 42 1
1017 1030 41 3
1017 1057 18 2
1017 1152 36 10
1017 1171 29 1
1017 1186 3 4
1028 1112 10 10
1030 1031 26 9
1030 1032 50 7
1030 1033 30 6
1030 1034 13 9
1030 1035 2 8
1030 1036 41 8
1030 1037 43 2
1030 1038 17 4
1030 1080 44 3
1030 1092 38 8
1030 1119 11 7
1031 1032 8 10
1031 1033 7 7
1031 1034 31 9
1031 1039 8 9
1031 1059 17 8
1031 1091 41 10
1031 1186 45 1
1032 1033 30 6
1032 1034 48 8
1032 1040 50 2
1032 1041 17 8
1032 1042 29 8
1032 1151 50 10
1033 1034 17 1
1033 1043 27 10
1033 1044 40 6
1033 1045 42 8
1033 1046 23 8
1033 1170 26 5
1033 1172 47 7
1033 1185 11 9
1034 1047 17 1
1034 1048 40 8
1034 1049 35 8
1034 1050 10 7
1034 1051 9 6
1034 1052 10 3
1034 1053 18 6
1034 1054 49 8
1034 1056 12 1
1034 1120 33 3
1034 1150 48 4
1045 1183 47 1
1050 1164 2 6
1055 1056 12 6
1055 1057 17 4
1055 1058 9 4
1055 1059 21 3
1055 1060 35 9
1055 1061 21 8
1055 1081 30 1
1055 1090 5 7
1055 1172 46 3
1055 1185 37 1
1055 1186 5 7
1056 1057 45 9
1056 1058 2 7
1056 1059 20 3
1056 1062 44 6
1056 1063 6 1
1056 1064 37 5
1056 1065 23 4
1056 1066 41 5
1056 1119 31 10
1056 1170 41 9
1057 1058 25 3
1057 1059 41 7
1057 1067 50 2
1057 1068 42 7
1057 1069 27 5
1057 1070 30 10
1057 1080 24 6
1057 1092 50 2
1058 1059 42 5
1058 1071 22 4
1058 1072 10 8
1058 1073 5 4
1058 1074 36 9
1058 1075 24 6
1058 1115 43 5
1058 1152 28 4
1059 1076 11 10
1059 1077 28 1
1059 1078 17 4
1059 1079 9 8
1059 1153 21 7
1069 1198 50 2
1072 1143 6 4
1080 1081 36 8
1080 1082 34 3
1080 1083 30 2
1080 1084 1 1
1080 1094 21 8
1080 1119 30 6
1080 1152 28 9
1080 1186 36 7
1080 1187 49 10
1081 1085 6 7
1081 1086 10 6
1081 1087 41 7
1081 1088 6 6
1081 1089 26 10
1081 1090 24 10
1081 1117 8 7
1081 1153 2 5
1081 1170 4 9
1081 1171 4 1
1088 1184 27 4
1090 1091 16 10
1090 1092 24 10
1090 1093 6 1
1090 1094 12 2
1090 1095 10 8
1090 1096 14 5
1090 1097 50 3
1090 1115 37 8
1090 1150 17 3
1090 1153 31 9
1090 1170 25 7
1091 1092 5 8
1091 1093 4 5
1091 1094 8 5
1091 1098 29 6
1091 1099 1 3
1091 1186 25 7
1092 1093 31 4
1092 1094 35 3
1092 1100 19 3
1092 1101 9 10
1092 1102 40 7
1092 1186 28 7
1093 1094 9 8
1093 1103 30 9
1093 1104 18 2
1093 1105 16 6
1093 1106 19 6
1093 1107 39 5
1093 1116 20 2
1094 1108 5 2
1094 1109 50 8
1094 1110 35 7
1094 1111 15 7
1094 1112 42 8
1094 1113 21 5
1094 1114 39 2
1094 1171 42 5
1100 1141 15 9
1109 1136 30 10
1109 1199 50 6
1110 1128 41 5
1115 1116 38 4
1115 1117 36 7
1115 1118 32 5
1115 1119 44 1
1115 1120 9 7
1115 1121 47 1
1115 1122 33 2
1115 1123 14 2
1115 1124 35 7
1115 1125 46 5
1115 1185 10 8
1116 1117 22 9
1116 1118 1 5
1116 1119 23 10
1116 1120 5 9
1116 1121 27 9
1116 1126 37 6
1117 1118 26 10
1117 1119 5 9
1117 1120 31 10
1117 1121 32 3
1117 1127 17 5
1117 1128 3 4
1117 1129 11 8
1117 1130 2 6
1117 1131 47 8
1117 1132 32 1
1118 1119 11 7
1118 1120 50 1
1118 1121 39 4
1118 1133 43 2
1118 1134 35 8
1118 1135 45 9
1118 1150 31 4
1119 1120 32 8
1119 1121 26 1
1119 1136 42 5
1119 1137 43 6
1119 1138 33 7
1119 1139 8 9
1119 1153 42 10
1119 1171 49 9
1120 1121 37 3
1120 1140 2 7
1120 1141 26 6
1120 1142 1 3
1120 1143 9 8
1120 1144 44 4
1120 1186 11 6
1121 1145 34 5
1121 1146 3 1
1121 1147 7 1
1121 1148 4 2
1121 1149 10 1
1121 1171 48 7
1136 1163 4 8
1150 1151 34 7
1150 1152 4 1
1150 1153 50 4
1150 1154 5 1
1150 1155 31 1
1150 1156 11 4
1150 1157 15 3
1150 1158 7 7
1151 1152 29 9
1151 1153 28 8
1151 1159 14 5
1151 1160 45 7
1151 1161 46 9
1151 1162 1 10
1151 1163 22 8
1151 1164 26 2
1151 1165 36 9
1151 1166 45 5
1151 1170 47 10
1151 1187 42 3
1152 1153 14 3
1152 1167 33 7
1152 1168 25 5
1152 1185 44 2
1153 1169 43 10
1153 1172 19 3
1170 1171 7 6
1170 1172 29 1
1170 1173 44 3
1170 1174 29 5
1170 1175 30 8
1170 1176 35 8
1171 1172 11 5
1171 1177 44 6
1171 1178 24 7
1171 1179 38 6
1171 1180 46 8
1171 1181 22 2
1171 1182 5 4
1171 1183 17 3
1171 1187 41 10
1172 1184 42 7
1172 1187 32 8
1185 1186 35 7
1185 1187 4 8
1185 1188 21 4
1185 1189 3 4
1185 1190 47 8
1185 1191 13 4
1186 1187 16 4
1186 1192 8 6
1186 1193 50 3
1186 1194 12 7
1186 1195 46 3
1186 1196 23 8
1187 1197 16 9
1187 1198 18 4
1187 1199 34 7

0 593 17
1 612 53
2 253 8
3 346 24
4 426 27
5 42 23
6 663 32
7 324 21
8 795 22
9 815 9
10 992 18
11 506 19
12 139 16
13 847 30
14 692 11
15 928 44
16 476 21
17 565 7
18 481 5
19 792 20
20 1136 43
21 817 11
22 597 47
23 157 11
24 998 69
25 650 50
26 959 5
27 149 8
28 259 46
29 765 32
30 879 22
31 511 50
32 319 12
33 219 33
34 451 8
35 289 1
36 195 52
37 427 8
38 943 23
39 1003 13
40 755 24
41 1132 22
42 1079 12
43 338 6
44 688 65
45 294 33
46 872 55
47 19 14
48 619 17
49 361 56
50 1164 57
51 990 8
52 34 8
53 46 64
54 161 32
55 439 43
56 736 9
57 1110 44
58 345 7
59 369 16
60 224 9
61 96 34
62 993 66
63 700 45
64 112 23
65 1123 5
66 181 7
67 793 16
68 171 13
69 1052 23
70 464 22
71 1134 19
72 790 3
73 875 1
74 638 7
75 383 44
76 601 37
77 705 24
78 430 43
79 290 12
80 586 45
81 1073 3
82 1143 21
83 419 21
84 961 64
85 47 6
86 966 18
87 292 11
88 287 14
89 472 9
90 1177 23
91 1107 29
92 486 15
93 326 20
94 868 14
95 617 41
96 252 18
97 57 32
98 151 32
99 1049 25
100 365 29
101 764 15
102 164 17
103 66 2
104 364 9
105 1168 7
106 609 2
107 339 14
108 726 12
109 1137 32
110 523 23
111 308 21
112 551 42
113 657 57
114 632 12
115 452 55
116 981 22
117 267 8
118 825 17
119 1025 14
120 590 9
121 208 67
122 1191 7
123 854 2
124 681 15
125 1066 51
126 618 11
127 711 9
128 543 14
129 314 40
130 964 30
131 43 16
132 323 14
133 1145 43
134 142 77
135 637 6
136 833 26
137 634 18
138 390 29
139 587 15
140 1037 22
141 392 34
142 762 43
143 375 2
144 480 12
145 300 20
146 1109 110
147 1146 13
148 779 44
149 652 25
150 1162 12
151 1139 13
152 147 15
153 1054 20
154 701 23
155 78 76
156 791 4
157 1126 20
158 138 22
159 1053 18
160 1070 46
161 373 102
162 729 7
163 343 32
164 655 18
165 983 46
166 233 9
167 403 17
168 866 41
169 118 19
170 1113 13
171 549 19
172 236 41
173 1038 21
174 1020 1
175 582 66
176 281 17
177 984 115
178 947 7
179 552 11
180 388 13
181 1102 26
182 428 22
183 797 33
184 834 11
185 1007 24
186 1019 24
187 68 32
188 377 12
189 215 22
190 563 12
191 455 16
192 155 42
193 893 7
194 631 15
195 1078 5
196 69 15
197 727 30
198 299 34
199 1026 24
200 169 31
201 463 2
202 444 20
203 938 14
204 489 17
205 967 27
206 588 12
207 714 86
208 633 9
209 163 3
210 607 5
211 242 101
212 894 59
213 286 33
214 207 19
215 121 28
216 908 6
217 437 28
218 571 36
219 775 11
220 830 10
221 284 24
222 334 21
223 925 28
224 408 23
225 1182 2
226 1085 4
227 411 54
228 20 18
229 487 25
230 731 7
231 810 4
232 401 1
233 223 9
234 218 22
235 737 5
236 599 57
237 95 8
238 510 38
239 567 26
240 730 8
241 293 38
242 1046 40
243 160 4
244 898 18
245 1190 30
246 1169 30
247 13 26
248 527 22
249 135 18
250 79 14
251 831 9
252 74 28
253 1196 12
254 564 37
255 217 5
256 542 13
257 849 22
258 649 19
259 11 8
260 920 22
261 158 21
262 41 3
263 1051 11
264 594 60
265 989 1
266 460 61
267 184 13
268 93 25
269 229 11
270 748 45
271 522 5
272 988 21
273 306 59
274 269 2
275 561 15
276 1071 10
277 997 16
278 491 51
279 166 17
280 1006 5
281 313 20
282 547 26
283 776 49
284 471 17
285 1086 4
286 1098 23
287 972 29
288 704 8
289 1060 47
290 788 5
291 1063 15
292 237 29
293 754 6
294 473 42
295 572 30
296 853 13
297 318 20
298 22 62
299 682 44
300 940 87
301 110 31
302 122 1
303 568 26
304 49 28
305 1184 58
306 1069 37
307 796 18
308 76 9
309 519 8
310 1004 51
311 1124 60
312 728 49
313 658 27
314 28 29
315 1165 13
316 991 40
317 14 39
318 111 22
319 595 21
320 298 4
321 144 21
322 442 8
323 818 8
324 683 33
325 170 23
326 264 24
327 48 6
328 204 1
329 80 4
330 198 33
331 507 30
332 936 57
333 432 30
334 371 19
335 661 4
336 194 14
337 808 43
338 394 54
339 1062 47
340 980 27
341 1103 66
342 606 22
343 213 2
344 1101 2
345 502 39
346 584 43
347 492 11
348 583 52
349 673 24
350 832 55
351 569 14
352 1088 18
353 761 17
354 257 22
355 784 25
356 77 54
357 1072 7
358 848 29
359 969 30
360 75 41
361 1099 1
362 769 13
363 931 6
364 244 35
365 162 16
366 677 20
367 328 19
368 691 7
369 1105 17
370 351 14
371 811 11
372 794 19
373 828 6
374 453 24
375 309 17
376 712 33
377 454 33
378 905 7
379 209 29
380 986 40
381 230 37
382 72 81
383 514 19
384 636 12
385 651 36
386 918 9
387 749 36
388 977 3
389 274 84
390 433 30
391 820 24
392 412 9
393 1028 25
394 892 29
395 524 9
396 708 9
397 573 23
398 850 44
399 855 19
400 767 83
401 864 44
402 816 25
403 505 6
404 509 16
405 71 14
406 660 21
407 64 10
408 1161 16
409 942 28
410 1149 18
411 539 10
412 1156 13
413 409 73
414 962 27
415 684 29
416 786 17
417 948 37
418 1100 10
419 40 11
420 37 31
421 99 7
422 747 33
423 628 8
424 1158 4
425 1050 9
426 1048 28
427 624 33
428 759 28
429 1178 33
430 777 33
431 1138 28
432 693 19
433 272 24
434 1142 5
435 222 25
436 963 17
437 220 7
438 1036 33
439 61 14
440 508 25
441 183 20
442 103 20
443 789 39
444 399 11
445 124 14
446 934 71
447 656 55
448 1167 11
449 773 38
450 156 12
451 758 11
452 528 9
453 598 12
454 374 42
455 73 6
456 389 71
457 258 12
458 1135 41
459 21 18
460 165 23
461 921 4
462 462 28
463 97 16
464 239 6
465 589 15
466 410 11
467 424 20
468 932 31
469 678 16
470 174 30
471 798 5
472 1173 27
473 186 24
474 1005 11
475 232 19
476 187 20
477 185 11
478 458 41
479 1047 12
