case: 0--0
node_num: 160
customer_num: 64
server level: 
(3, 5) (7, 3) (14, 4) (36, 3) (69, 5) (103, 4) (129, 4) (155, 5) 
total cost: 48077
use time: 1.55545


case: 0--1
node_num: 160
customer_num: 64
server level: 
(2, 5) (11, 2) (16, 5) (37, 4) (65, 5) (74, 2) (110, 5) (133, 3) (152, 1) 
total cost: 48385
use time: 1.47363


case: ../../case_result/0/result1.txt
node_num: 160
customer_num: 64
server level: 
(2, 5) (11, 2) (16, 5) (37, 4) (65, 5) (74, 2) (110, 5) (133, 3) (152, 1) 
total cost: 48385
use time: 1.48395


case: ../../case_result/2/result0.txt
node_num: 800
customer_num: 320
server level: 
(14, 1) (15, 5) (19, 3) (22, 2) (30, 5) (32, 5) (54, 5) (62, 3) (92, 3) (94, 0) (99, 3) (147, 1) (182, 2) (184, 1) (192, 5) (226, 5) (245, 2) (257, 3) (265, 3) (282, 2) (318, 5) (335, 5) (339, 5) (351, 1) (370, 5) (381, 5) (397, 3) (425, 5) (442, 1) (445, 5) (481, 3) (487, 5) (508, 5) (530, 2) (541, 2) (543, 3) (579, 5) (610, 2) (626, 5) (639, 2) (641, 1) (658, 2) (673, 5) (679, 2) (691, 5) (715, 2) (745, 5) (768, 1) (786, 5) 
total cost: 232116
use time: 61.0096


case: ../../case_result/2/result0.txt
node_num: 800
customer_num: 320
server level: 
(14, 1) (15, 5) (19, 3) (22, 2) (30, 5) (32, 5) (54, 5) (62, 3) (92, 3) (94, 0) (99, 3) (147, 1) (182, 2) (184, 1) (192, 5) (226, 5) (245, 2) (257, 3) (265, 3) (282, 2) (318, 5) (335, 5) (339, 5) (351, 1) (370, 5) (381, 5) (397, 3) (425, 5) (442, 1) (445, 5) (481, 3) (487, 5) (508, 5) (530, 2) (541, 2) (543, 3) (579, 5) (610, 2) (626, 5) (639, 2) (641, 1) (658, 2) (673, 5) (679, 2) (691, 5) (715, 2) (745, 5) (768, 1) (786, 5) 
total cost: 232116
use time: 59.2735


case: ../../case_result/2/result0.txt
node_num: 800
customer_num: 320
server level: 
(14, 1) (15, 5) (19, 3) (22, 2) (30, 5) (32, 5) (54, 5) (62, 3) (92, 3) (94, 0) (99, 3) (147, 1) (182, 2) (184, 1) (192, 5) (226, 5) (245, 2) (257, 3) (265, 3) (282, 2) (318, 5) (335, 5) (339, 5) (351, 1) (370, 5) (381, 5) (397, 3) (425, 5) (442, 1) (445, 5) (481, 3) (487, 5) (508, 5) (530, 2) (541, 2) (543, 3) (579, 5) (610, 2) (626, 5) (639, 2) (641, 1) (658, 2) (673, 5) (679, 2) (691, 5) (715, 2) (745, 5) (768, 1) (786, 5) 
total cost: 232116
use time: 60.313


case: ../../case_result/2/result0.txt
node_num: 800
customer_num: 320
server level: 
(14, 1) (15, 5) (19, 2) (22, 2) (32, 5) (54, 4) (62, 3) (92, 3) (94, 0) (99, 2) (142, 5) (147, 0) (182, 2) (184, 1) (192, 5) (215, 5) (226, 5) (245, 2) (257, 3) (265, 3) (282, 2) (318, 5) (335, 5) (336, 5) (339, 5) (351, 1) (370, 5) (381, 5) (383, 5) (397, 3) (425, 5) (445, 5) (481, 2) (511, 2) (541, 2) (543, 2) (579, 5) (610, 2) (626, 5) (639, 2) (641, 1) (658, 2) (673, 5) (679, 2) (691, 5) (715, 2) (745, 5) (768, 1) (786, 5) 
total cost: 230432
use time: 69.6855


case: ../../case_result/2/result0.txt
node_num: 800
customer_num: 320
server level: 
(11, 3) (14, 1) (19, 2) (22, 2) (30, 5) (54, 4) (62, 3) (92, 2) (94, 1) (99, 2) (147, 0) (182, 2) (184, 1) (192, 5) (215, 5) (223, 2) (245, 2) (257, 3) (265, 3) (282, 2) (302, 5) (339, 5) (349, 1) (351, 0) (370, 5) (381, 5) (383, 5) (388, 5) (397, 3) (425, 5) (445, 5) (461, 5) (481, 2) (487, 5) (530, 2) (539, 5) (541, 2) (543, 2) (579, 5) (610, 2) (620, 5) (626, 4) (639, 2) (641, 1) (673, 5) (679, 2) (691, 5) (745, 5) (768, 1) (786, 5) 
total cost: 231514
use time: 39.9984


case: ../../case_result/2/result0.txt
node_num: 800
customer_num: 320
server level: 
(11, 3) (14, 1) (19, 2) (22, 2) (32, 5) (54, 3) (62, 3) (92, 3) (94, 1) (99, 2) (142, 5) (147, 0) (182, 2) (184, 1) (192, 5) (215, 5) (223, 1) (226, 5) (245, 2) (257, 3) (265, 3) (282, 2) (318, 5) (335, 5) (339, 5) (349, 1) (351, 1) (370, 5) (381, 5) (383, 5) (397, 3) (425, 5) (445, 5) (481, 2) (511, 2) (541, 1) (543, 3) (579, 5) (610, 2) (620, 5) (626, 5) (639, 2) (641, 1) (673, 5) (679, 2) (691, 5) (702, 5) (745, 5) (768, 1) (786, 5) 
total cost: 230411
use time: 90.3047


case: ../../case_result/2/result0.txt
node_num: 800
customer_num: 320
server level: 
(11, 3) (14, 1) (15, 5) (19, 2) (22, 2) (32, 5) (54, 3) (62, 3) (68, 5) (94, 1) (99, 2) (147, 0) (182, 2) (184, 1) (192, 5) (215, 5) (223, 1) (226, 5) (245, 2) (257, 3) (265, 3) (282, 2) (318, 5) (335, 5) (339, 5) (349, 1) (351, 1) (370, 5) (381, 5) (383, 5) (397, 3) (413, 3) (425, 5) (445, 5) (481, 2) (511, 2) (541, 1) (543, 3) (579, 5) (610, 2) (620, 5) (626, 5) (639, 2) (641, 1) (673, 5) (679, 2) (691, 5) (702, 5) (768, 1) (786, 5) 
total cost: 230117
use time: 123.224


case: ../../case_result/2/result0.txt
node_num: 800
customer_num: 320
server level: 
(11, 3) (14, 1) (15, 5) (19, 2) (22, 2) (32, 5) (54, 3) (62, 3) (92, 3) (94, 1) (99, 2) (147, 0) (182, 2) (184, 1) (194, 5) (223, 1) (226, 5) (245, 2) (257, 3) (265, 3) (282, 2) (301, 5) (318, 5) (335, 5) (339, 5) (349, 1) (351, 1) (370, 5) (381, 5) (383, 5) (397, 3) (425, 5) (445, 5) (481, 2) (511, 2) (541, 1) (543, 3) (579, 5) (610, 2) (620, 5) (626, 5) (639, 2) (641, 1) (673, 5) (679, 2) (691, 5) (702, 5) (745, 5) (768, 1) (786, 5) 
total cost: 230756
use time: 92.6066


case: ../../case_result/2/result1.txt
node_num: 800
customer_num: 320
server level: 
(4, 5) (21, 5) (24, 5) (45, 5) (54, 2) (102, 5) (143, 3) (146, 1) (159, 3) (164, 5) (172, 0) (199, 5) (229, 3) (247, 1) (322, 2) (326, 1) (331, 5) (340, 2) (345, 5) (350, 5) (373, 1) (377, 5) (409, 2) (413, 3) (424, 2) (495, 5) (516, 4) (522, 2) (526, 5) (554, 2) (586, 3) (587, 2) (592, 5) (617, 5) (686, 5) (704, 2) (716, 5) (717, 5) (747, 3) (755, 5) (756, 5) (775, 5) (793, 3) 
total cost: 212480
use time: 148.265


case: ../../case_result/2/result1.txt
node_num: 800
customer_num: 320
server level: 
(4, 4) (45, 5) (46, 5) (54, 1) (58, 5) (102, 5) (143, 2) (146, 1) (159, 2) (172, 0) (224, 3) (229, 3) (247, 1) (322, 2) (326, 1) (340, 2) (345, 5) (373, 1) (377, 5) (409, 2) (413, 3) (455, 5) (495, 5) (496, 5) (516, 4) (522, 2) (526, 5) (554, 2) (586, 3) (587, 2) (615, 5) (617, 5) (640, 5) (645, 5) (660, 5) (672, 5) (697, 5) (716, 5) (717, 5) (747, 3) (755, 5) (775, 5) (793, 3) 
total cost: 214270
use time: 58.202


case: ../../case_result/2/result1.txt
node_num: 800
customer_num: 320
server level: 
(4, 5) (20, 5) (21, 5) (45, 5) (54, 2) (102, 5) (143, 4) (146, 1) (159, 3) (164, 5) (172, 0) (199, 5) (213, 0) (229, 2) (311, 5) (322, 2) (326, 1) (331, 5) (340, 3) (345, 5) (350, 5) (373, 1) (377, 5) (409, 2) (413, 4) (495, 5) (496, 5) (516, 5) (522, 2) (526, 5) (554, 2) (586, 3) (587, 2) (617, 5) (672, 5) (716, 5) (717, 5) (747, 4) (755, 5) (775, 5) (793, 3) 
total cost: 213681
use time: 33.7194


case: ../../case_result/2/result1.txt
node_num: 800
customer_num: 320
server level: 
(4, 3) (36, 2) (54, 2) (140, 2) (143, 2) (146, 1) (159, 3) (172, 0) (199, 2) (213, 0) (229, 3) (322, 2) (326, 2) (331, 5) (340, 2) (345, 5) (371, 2) (373, 1) (377, 5) (413, 3) (424, 3) (427, 3) (455, 5) (460, 3) (495, 5) (496, 5) (516, 3) (522, 2) (526, 2) (540, 3) (547, 2) (554, 3) (556, 2) (560, 2) (580, 3) (587, 3) (590, 2) (592, 5) (615, 2) (617, 5) (640, 3) (660, 5) (666, 2) (670, 2) (672, 2) (716, 3) (717, 5) (740, 2) (747, 3) (755, 3) (756, 2) (775, 2) (777, 3) (778, 3) (793, 3) 
total cost: 224781
use time: 37.4658


case: ../../case_result/2/result1.txt
node_num: 800
customer_num: 320
server level: 
(4, 4) (45, 5) (46, 5) (54, 1) (58, 5) (102, 5) (143, 2) (146, 1) (159, 2) (172, 0) (224, 3) (229, 3) (247, 1) (322, 2) (326, 1) (340, 2) (345, 5) (373, 1) (377, 5) (409, 2) (413, 3) (455, 5) (495, 5) (496, 5) (516, 4) (522, 2) (526, 5) (554, 2) (586, 3) (587, 2) (615, 5) (617, 5) (640, 5) (645, 5) (660, 5) (672, 5) (697, 5) (716, 5) (717, 5) (747, 3) (755, 5) (775, 5) (793, 3) 
total cost: 214270
use time: 57.3312


case: ../../case_result/2/result1.txt
node_num: 800
customer_num: 320
server level: 
(4, 4) (21, 5) (45, 5) (46, 5) (54, 1) (58, 5) (77, 5) (102, 5) (143, 2) (146, 1) (156, 3) (159, 2) (164, 5) (172, 0) (229, 3) (247, 1) (322, 2) (326, 1) (340, 2) (345, 5) (349, 5) (373, 1) (409, 2) (413, 3) (495, 5) (496, 5) (516, 4) (522, 2) (526, 5) (554, 2) (586, 3) (587, 2) (615, 5) (617, 5) (645, 5) (672, 5) (716, 5) (717, 5) (730, 5) (747, 3) (755, 5) (775, 5) (793, 3) 
total cost: 213297
use time: 80.7508


case: ../../case_result/2/result1.txt
node_num: 800
customer_num: 320
server level: 
(4, 5) (20, 5) (21, 4) (45, 5) (54, 1) (58, 4) (102, 5) (143, 3) (146, 1) (156, 3) (159, 3) (164, 5) (172, 1) (199, 5) (213, 0) (229, 3) (322, 2) (326, 1) (331, 5) (340, 2) (345, 5) (350, 4) (373, 1) (377, 5) (409, 2) (413, 4) (495, 5) (496, 3) (516, 4) (522, 2) (526, 5) (554, 2) (586, 3) (587, 2) (592, 5) (617, 5) (686, 5) (716, 4) (717, 3) (747, 3) (755, 5) (756, 4) (775, 5) (793, 3) 
total cost: 213418
use time: 95.1556


case: ../../case_result/2/result1.txt
node_num: 800
customer_num: 320
server level: 
(4, 5) (20, 5) (21, 5) (45, 5) (54, 2) (102, 5) (143, 3) (146, 1) (159, 3) (172, 0) (199, 5) (229, 3) (247, 1) (322, 2) (326, 1) (331, 5) (340, 2) (345, 5) (350, 5) (373, 1) (377, 5) (409, 2) (413, 3) (495, 5) (496, 5) (516, 4) (522, 1) (526, 5) (554, 2) (586, 3) (587, 2) (592, 5) (617, 5) (672, 5) (686, 5) (716, 5) (717, 5) (747, 3) (755, 5) (756, 5) (775, 5) (793, 3) 
total cost: 212495
use time: 110.809


case: ../../case_result/2/result1.txt
node_num: 800
customer_num: 320
server level: 
(4, 5) (24, 5) (45, 5) (54, 2) (76, 5) (102, 5) (143, 3) (146, 1) (159, 2) (164, 5) (172, 0) (199, 5) (213, 0) (229, 2) (322, 2) (326, 1) (331, 5) (340, 2) (345, 5) (350, 5) (373, 1) (377, 5) (409, 2) (413, 3) (495, 5) (496, 5) (516, 4) (522, 1) (526, 5) (554, 2) (586, 3) (587, 2) (592, 5) (617, 5) (660, 5) (672, 5) (716, 5) (717, 5) (747, 3) (755, 5) (756, 5) (775, 5) 
total cost: 213146
use time: 103.687


case: ../../case_result/2/result1.txt
node_num: 800
customer_num: 320
server level: 
(4, 5) (20, 5) (21, 5) (45, 5) (54, 2) (102, 5) (143, 3) (146, 1) (159, 3) (172, 0) (199, 5) (229, 3) (247, 1) (322, 2) (326, 1) (331, 5) (340, 2) (345, 5) (350, 5) (373, 1) (377, 5) (409, 2) (413, 3) (495, 5) (496, 5) (516, 4) (522, 1) (526, 5) (554, 2) (586, 3) (587, 2) (592, 5) (617, 5) (672, 5) (686, 5) (716, 5) (717, 5) (747, 3) (755, 5) (756, 5) (775, 5) (793, 3) 
total cost: 212495
use time: 93.876


case: ../../case_result/2/result1.txt
node_num: 800
customer_num: 320
server level: 
(4, 5) (20, 5) (21, 5) (45, 5) (54, 2) (102, 5) (143, 3) (146, 1) (159, 3) (172, 0) (199, 5) (229, 3) (247, 1) (322, 2) (326, 1) (331, 5) (340, 2) (345, 5) (350, 5) (373, 1) (377, 5) (409, 2) (413, 3) (495, 5) (496, 5) (516, 4) (522, 1) (526, 5) (554, 2) (586, 3) (587, 2) (592, 5) (617, 5) (672, 5) (686, 5) (716, 5) (717, 5) (747, 3) (755, 5) (756, 5) (775, 5) (793, 3) 
total cost: 212495
use time: 93.7182


